171	1115	5	48.57
634	142	3	16.47
131	319	5	22.62
326	978	4	45.13
39	129	6	15.14
278	14	23	44.59
21	2	6	6.51
243	119	6	17.16
140	1976	3	24.52
257	117	4	8.98
1890	14	3	6.56
103	999	4	13.05
212	104	6	4.92
306	109	3	5.37
115	460	7	33.45
317	104	5	8.15
109	2417	3	19.41
963	104	3	9.41
141	117	9	8.83
128	119	16	25.05
111	1158	8	58.94
603	174	6	51.88
2116	119	4	30.22
324	108	4	9.92
159	376	5	31.76
101	361	11	28.01
102	1265	3	8.62
105	4946	3	27.52
105	687	5	21.69
111	1020	12	99.05
1211	12	3	5.1
4576	12	3	14.24
104	449	4	8.05
143	158	8	22.95
136	385	3	12.57
217	4618	3	38.58
12	6381	3	18.64
12	125	84	78.21
104	2732	5	35.97
348	108	5	15.13
818	210	6	61.41
112	802	3	12.37
322	180	5	33.99
1712	14	3	5.91
250	101	9	9.87
170	457	3	19.15
45	217	3	12.58
1570	185	4	41.67
226	654	9	97.82
559	226	7	68.44
2110	410	3	38.9
149	242	3	10.19
3351	1761	3	53.34
748	104	3	7.89
229	113	4	6.17
149	102	27	25.7
109	267	10	34.7
199	5221	3	42.2
2246	497	3	41.14
139	12	41	14.62
2256	1616	5	91.86
1224	384	3	35.04
875	356	5	58.89
109	590	4	15.41
102	762	5	14.21
113	134	12	11.17
329	143	7	39.34
113	189	13	39.25
2075	101	4	18.17
135	295	4	15.59
107	1075	3	13.92
101	688	3	4.83
16	380	3	9.4
124	4020	3	28.74
57	241	3	6.34
1526	124	3	20.4
255	106	4	6.59
608	108	4	15.53
12	374	6	4.46
136	134	5	4.61
238	125	4	11.29
111	826	7	42.52
289	120	4	11
4741	113	3	29.49
264	184	4	22.43
12	2815	3	10.6
4454	1022	3	51.58
136	175	3	5.01
12	359	17	41.78
137	953	3	19.21
101	840	11	52.85
479	251	5	45.05
110	392	4	12.22
236	143	4	13.28
148	2914	3	28.28
178	101	13	9.63
1403	14	6	18.71
2510	14	3	8.23
232	219	3	15.69
142	5226	3	35.17
118	252	5	13.15
8	2558	3	25.02
115	664	4	18.35
102	612	9	32.29
2323	2570	6	128.99
45	135	3	5
114	148	12	17.56
211	102	36	116.92
3529	14	3	10.83
2777	14	4	15.7
183	236	4	20.9
101	2228	6	37.88
511	119	3	10.67
111	929	6	35.73
694	14	5	6.5
151	122	6	7.04
4798	1572	3	59.31
1149	12	6	18.9
998	114	5	28.96
16	280	9	39.68
1743	479	3	39.08
237	165	5	25.76
1010	111	4	21.16
105	274	4	6.48
105	326	3	4.86
3468	114	4	34.51
132	797	6	43.95
436	218	3	21.61
85	235	3	8.97
102	1248	3	8.62
107	105	54	67.38
137	187	5	14.21
2962	14	4	15.7
123	14	60	9.2
12	734	11	37.62
172	117	7	14.11
632	729	3	34.88
2578	101	3	13.63
1019	14	7	19.54
107	1437	3	15.98
134	245	5	18.24
112	338	3	6.54
859	110	6	34.17
8	2813	3	25.02
338	116	5	17.62
105	1604	3	15.44
128	191	4	8.86
119	235	3	4.69
5659	126	3	33.59
141	126	5	3.98
119	111	19	13.06
1738	276	3	34.64
1710	107	3	16.64
118	759	3	13.63
537	258	3	24.69
369	12	6	4.3
257	126	3	7.58
165	124	5	8.95
106	1922	3	17.37
186	783	4	34.29
102	1369	7	35.67
1739	5146	3	60.07
164	212	4	17.21
867	14	4	5.27
116	2888	3	22.34
634	101	7	21
189	1502	3	28.7
908	111	3	13.24
102	5838	3	22.16
613	113	5	23.22
613	305	6	64.88
101	1161	3	7.83
105	3713	3	23.04
146	3448	4	43.76
2151	14	3	7.32
108	511	4	13.8
141	200	3	6.68
135	2160	3	24.07
119	225	7	20.38
104	1681	4	19.8
117	1067	3	15.58
117	915	4	22.26
417	12	7	8.33
127	118	101	514.98
140	1835	4	34.45
116	151	6	5.42
85	181	3	6.37
1918	111	3	17.86
2182	14	3	7.32
155	108	7	5.58
102	1299	3	8.62
12	745	19	97.22
106	950	3	12.76
131	182	4	8.6
1	2	3	5.09
209	105	6	8.73
105	400	6	20.24
495	114	5	20.54
551	12	5	5.56
1542	12	3	6.48
117	811	5	28.59
327	104	6	12.34
104	742	3	7.64
1354	921	3	41.81
105	1168	3	13.19
384	310	3	24.71
124	1008	5	35.61
9	85	5	4.51
111	3857	3	24.74
101	1476	3	9.32
165	14	29	16.14
235	1061	3	28.63
475	122	3	10.97
171	588	9	85.35
109	556	3	9.29
232	101	22	53.3
124	498	3	12.68
113	102	246	651.94
160	120	5	5.13
113	242	6	14.45
134	981	3	18.81
102	615	6	16.34
372	263	24	296.28
106	265	22	111.48
4428	113	3	25.01
526	109	3	8.95
238	113	8	23.24
136	102	36	29.78
101	710	5	12.76
101	761	3	5.28
223	830	3	26.58
264	168	4	21.04
1734	14	4	10.33
308	152	3	13.34
193	145	6	21.66
142	2580	5	53.24
129	1425	4	30.07
365	192	3	18.76
133	722	6	42.71
109	1517	3	16.15
242	106	4	6.01
158	252	12	81.25
204	16	5	10.76
151	162	4	9.88
904	12	4	6.67
619	104	3	6.54
107	682	3	11
2559	9	3	25.01
1941	102	5	24.78
106	1287	5	30.7
239	1988	4	47.84
118	2739	3	22.65
101	1777	4	16.95
101	1673	6	30.33
152	438	4	23.99
109	101	113	112.32
1308	112	3	15.43
149	134	11	31.3
102	1095	5	18.35
211	134	3	6.78
215	143	4	12.02
462	14	20	62.4
400	516	14	187.02
113	394	3	7.82
451	105	11	53.87
263	122	3	6.22
3379	101	3	15.16
1870	121	3	20.32
118	435	9	49.6
174	328	10	81.92
930	12	6	15.47
1925	12	4	12.95
791	155	3	20.76
109	142	55	198.39
104	1269	6	31.89
109	256	9	28.43
132	316	4	16.43
104	578	15	81.65
386	173	6	45.32
155	756	3	20.47
1625	110	5	34.87
2532	14	3	8.23
101	1068	4	11.69
348	119	4	13.04
800	14	6	11.25
2287	101	3	12.44
12	152	95	227.6
106	473	10	51.9
1958	432	3	39.33
104	2807	3	16.58
106	369	4	10.91
107	952	3	13.13
200	271	5	32.69
1924	134	3	23.15
1664	14	3	5.91
12	509	5	4.9
12	457	5	3.96
104	4982	3	24.8
455	354	3	26.91
124	1228	3	19.27
132	573	3	14.75
193	161	7	34.34
116	866	3	14.24
3829	121	4	42.29
124	515	3	13.01
232	142	8	36.67
362	403	6	61.7
122	143	14	27.03
2427	14	3	8.23
113	259	5	11.49
119	528	3	10.84
5806	14	3	17.33
102	4989	3	22.16
820	180	3	24.17
1213	14	6	16.46
1177	138	3	20.52
631	12	13	44.69
115	326	3	6.98
145	309	3	11.65
522	12	5	5.11
165	140	5	11.57
142	274	4	15.57
1051	1103	3	41.07
544	120	3	11.05
472	102	5	8.78
493	12	7	10.35
953	210	6	63.77
3398	149	3	30.29
116	355	4	12.92
243	108	11	36.92
101	4970	3	21.78
324	119	4	12.52
85	198	3	7.27
1938	14	4	11.31
142	2734	4	39.27
265	14	29	60.78
614	101	4	7.37
168	2	4	4.7
1266	121	3	17.77
697	5388	3	53.44
610	107	3	10.09
103	794	4	11.32
102	589	10	36.71
112	104	31	5.2
8	490	17	138.26
101	1174	3	7.83
134	133	5	4.32
119	273	3	6.18
104	1850	5	29.1
291	119	15	80.97
128	108	24	39.58
101	927	4	10.73
137	818	3	18.16
12	141	182	528.26
130	170	25	136.92
106	534	3	8.96
111	1096	9	67.62
1383	12	4	10.31
315	111	4	9.97
4938	109	3	28.91
110	116	22	17.58
368	114	6	22.73
111	1806	3	17.86
149	278	3	11.89
139	116	11	13.11
357	120	4	13.38
413	102	9	23.27
104	1334	6	33.17
115	2236	3	20.53
160	383	3	16.34
2402	101	3	12.44
1899	14	4	11.31
3368	14	3	10.83
8	747	3	15.94
135	279	4	15.08
1074	14	4	6.49
470	114	3	8.99
2269	1503	6	113.83
101	2392	5	28.04
178	126	10	35.67
796	107	3	11.81
2431	102	3	12.8
3403	14	3	10.83
111	2632	3	20.95
1437	180	3	28.17
158	4702	3	38.36
370	154	3	15.06
183	895	3	24.67
640	14	8	15.58
1692	14	3	5.91
120	294	3	6.76
106	739	5	24.11
12	901	4	6.67
101	240	17	34.62
102	1459	4	15.48
107	449	3	7.91
164	179	30	235.16
377	104	4	6.68
131	184	5	12.88
2418	121	4	32.76
145	102	20	6.87
1855	104	3	13.54
334	144	6	32.78
124	2356	4	34.78
119	387	8	39.76
111	1463	3	16.46
138	125	6	5.93
108	112	25	15.1
1028	103	4	13.56
119	183	8	19.56
141	101	27	12.81
291	122	4	11.94
338	143	7	39.83
161	147	5	12.93
231	112	5	9.48
117	1841	3	19.48
102	2743	3	14
2580	14	3	9.36
115	520	4	15.59
115	444	4	14.33
206	316	3	18.5
59	237	15	76.33
103	626	4	9.09
101	1112	5	17.75
13	175	3	8.25
102	386	6	10.27
124	2610	5	50
199	220	3	14.15
402	128	4	18.34
355	111	7	27.28
583	118	11	73.44
217	194	7	44
324	174	4	24.96
217	131	6	20.78
217	277	4	26.02
101	2644	3	13.63
439	14	10	15.33
137	203	5	15.75
102	1232	3	8.62
146	2231	3	27.02
107	281	4	8.09
1760	14	3	6.56
147	152	4	7.36
199	334	3	18.58
120	462	4	15.73
108	1343	4	23.24
111	479	7	32.38
101	2693	3	13.63
85	220	3	8.26
923	12	5	10.99
2131	102	3	11.83
266	114	9	31.37
1350	153	4	35.12
101	4028	3	17.34
231	253	4	25.11
1883	12	4	12.95
319	102	9	17.8
670	104	4	11.77
119	287	5	15.65
119	220	4	7.3
112	147	15	26.19
1396	14	3	4.86
1094	103	4	14.12
807	14	11	35.63
262	16	4	9.92
108	3064	3	22.09
617	119	4	18.57
216	320	10	89.8
216	252	5	32.52
475	119	4	15.87
604	117	3	11.88
138	114	34	96.41
129	752	4	24.56
696	111	3	11.46
121	1040	3	16.4
101	3008	3	15.16
159	12	49	67.62
108	1521	5	32.92
1061	12	4	7.96
106	2478	6	51.75
106	2426	3	19.24
838	104	3	8.44
198	156	3	9.28
565	336	4	39.86
432	110	3	8.18
760	103	3	6.56
126	132	41	176.17
104	105	256	745.05
344	183	3	17.93
2965	14	4	15.7
3971	1114	4	75.67
124	1322	3	19.81
354	113	3	7.07
103	1148	3	9.2
101	721	6	18.08
105	4360	3	23.04
367	107	4	10.91
1129	9	11	104.89
135	128	9	14.55
329	116	3	7.49
353	8	4	16.3
12	1312	3	5.51
113	309	4	9.95
122	111	22	23.57
153	4173	3	33.27
1458	101	3	9.32
2061	14	3	7.32
102	2573	3	14
124	353	32	283.09
400	5146	3	49.35
506	112	6	26.67
174	172	6	28.41
149	192	3	7.87
102	2265	6	38.64
126	6131	3	33.59
226	799	15	194.61
487	8	4	19.33
523	113	3	9.49
362	12	21	62.3
114	188	5	6.78
114	133	14	16.33
152	377	4	22.56
756	12	4	5.64
163	116	9	17.57
1008	379	7	92.91
16	296	5	16.87
143	188	13	62.46
882	14	7	16.81
101	2364	4	19.65
371	112	4	11.77
101	2244	4	19.65
117	342	6	24.2
1963	121	3	21.18
445	12	5	3.96
111	3227	3	22.53
101	1972	3	11.47
122	116	20	25.46
152	200	5	19.73
718	101	4	8.81
572	448	3	30.16
126	261	4	12.46
560	103	3	4.59
167	108	14	34.43
336	14	14	21.81
101	2569	3	13.63
106	206	4	4.34
3642	12	3	12.1
294	111	5	13.3
868	402	17	272.95
148	116	9	11.43
102	2077	3	11.83
340	163	6	40.11
197	126	3	5.27
12	289	15	24.02
199	646	3	23.64
107	742	4	17.38
101	898	4	10.29
16	216	6	15.83
107	666	3	10.76
511	122	3	11.44
1749	101	4	16.95
3381	14	3	10.83
1143	14	6	15.5
102	2348	3	12.8
246	581	3	24.78
1007	226	3	28.2
379	310	3	24.58
307	104	5	7.65
105	5363	3	27.52
302	256	3	20.05
174	603	9	86.36
161	120	6	8.02
302	142	3	10.7
1672	9	5	41.7
114	716	4	18.16
4828	101	3	21.78
1735	14	8	36.44
2238	101	3	12.44
1310	103	5	21.84
2067	12	6	28.47
111	560	4	15.29
111	492	4	14.13
825	9	10	83.48
105	520	4	12.45
1212	113	4	22.72
159	57	4	4.21
1306	12	3	5.51
258	12	11	8.1
498	2613	4	60.08
131	168	12	46.82
360	14	21	52.95
617	108	3	10.13
262	106	4	6.8
145	134	7	11.95
475	108	3	8.23
113	620	4	16.71
12	1700	4	11.95
216	331	3	19.44
356	109	3	6.56
2211	102	3	11.83
129	624	3	15.07
230	12	20	26.74
202	59	3	4.51
150	107	8	6.63
1034	113	3	14.24
2130	12	3	8.52
103	853	4	11.71
115	207	7	16.58
414	109	3	7.55
9	16	8	4.53
111	1598	4	25.6
332	106	3	5.95
109	1719	3	16.8
252	536	3	24.44
121	918	13	116.36
243	174	6	35.74
184	101	15	15.53
243	122	7	23.82
320	12	10	12.39
1339	849	9	153.78
341	102	6	8.71
107	398	15	85.48
12	775	4	5.64
2018	102	3	11.83
227	293	4	27.17
1672	3692	4	79.61
101	542	21	108.03
331	8	4	15.6
107	247	9	27.08
1527	14	4	9.49
4115	101	4	29.05
180	125	3	4.33
119	143	12	17.45
928	101	4	10.73
1100	106	3	13.92
2819	14	3	9.36
302	101	15	38.74
111	1266	8	60.72
106	1679	3	16.63
610	121	3	12.9
317	107	3	5.54
124	2561	4	36.69
112	229	4	5.99
1047	12	5	12.2
112	120	34	53.48
246	564	4	35.24
158	1565	3	26.17
241	104	6	6.72
144	132	12	30.73
456	514	8	96.44
114	245	13	51.67
1084	149	3	22.05
125	138	11	21.33
111	4218	4	38.97
173	477	4	28.73
116	2402	4	31.31
227	725	3	25.84
12	138	38	10.46
483	102	7	16.97
151	274	5	25.41
146	419	4	22.13
104	594	11	52.16
111	759	3	11.99
140	1402	3	21.64
2303	960	5	85.13
101	628	5	11.61
101	798	11	51.36
403	106	13	70.37
102	763	8	30.97
428	122	3	10.4
860	14	8	20.67
122	198	14	56.9
301	117	4	11.16
186	290	3	16.35
6065	3487	3	64.8
375	12	7	6.73
108	662	3	10.57
690	101	3	4.83
303	138	6	29.47
491	16	3	11.02
905	119	3	14.55
170	269	4	21.61
1193	225	3	29.04
135	278	3	9.66
12	1224	4	9.63
160	133	4	6.26
176	833	3	23.91
962	128	3	18.17
459	161	5	34.89
106	118	15	4.98
154	104	10	4.19
105	925	8	48.88
178	198	7	39.36
104	261	9	18
127	697	4	23.58
105	670	4	15.14
224	141	7	29.45
158	239	3	11.35
104	516	5	13.6
110	117	33	48.09
129	1156	4	28.61
550	112	4	15.16
101	926	3	6.37
16	209	6	15.41
321	337	3	24.03
12	314	14	23.95
101	1824	3	10.65
675	12	9	24.73
102	898	3	6.39
3519	12	3	12.1
219	581	3	23.55
1197	119	3	16.52
139	117	7	4.42
139	182	4	9.6
1592	14	3	5.91
1134	1217	6	95.42
153	125	60	373.29
115	445	5	20.15
2849	14	3	9.36
101	1315	4	13.48
4653	114	3	25.14
1137	114	8	58.41
119	137	23	57.39
128	102	51	57.82
731	104	4	12.43
108	560	5	20.69
12	2498	4	15.57
1774	116	3	19.24
110	615	3	10.51
2902	567	5	80.96
133	408	11	76.78
417	251	3	22.84
1561	14	5	14.41
104	2360	3	15.37
514	14	12	26.25
102	1356	3	9.12
187	699	3	23.35
120	162	7	11.16
848	119	9	65.49
131	266	3	8.4
978	103	3	8.03
810	173	7	68.3
510	104	3	5.22
278	114	3	5.27
184	287	3	16.24
891	102	3	6.39
839	121	3	14.98
133	1430	3	21.05
138	195	3	6.35
171	543	9	82.71
3595	14	5	28.88
1915	174	3	29.21
103	982	3	8.03
156	136	5	9.17
156	266	3	12.08
1142	334	4	46.42
245	4663	3	39.9
522	251	3	24.26
118	2419	4	31.73
1243	12	3	5.51
2158	12	3	8.52
938	12	5	10.99
101	316	14	37.13
432	111	3	8.21
221	114	10	31.22
6111	238	3	44.17
154	717	8	70.5
12	1064	3	4.39
159	168	5	17.76
39	243	3	13.28
12	2134	3	8.52
1382	14	6	18.71
489	248	3	23.73
111	478	5	19.63
337	136	3	11.46
816	110	3	12.24
155	102	64	174.44
555	109	18	128.42
227	207	3	14.94
1065	102	3	7.37
458	104	4	8.23
115	1239	3	16.13
134	229	3	7.42
102	422	4	4.76
196	2205	3	31.46
180	112	6	8.72
1334	110	5	32.46
1742	765	3	42.54
104	1258	6	31.89
626	102	3	4.35
104	1108	3	10.18
111	1758	5	36.41
149	191	3	7.83
104	501	11	47.46
586	114	7	36.37
1482	113	3	16.72
3659	169	3	35.82
121	326	8	38.02
117	343	4	12.95
12	299	60	309.51
130	138	32	132.27
106	582	5	20.94
12	166	29	26.8
143	262	4	14.49
16	164	9	20.71
111	2254	3	19.73
102	1822	3	11.01
181	835	3	24.24
105	2238	4	27.19
239	1019	3	28.74
193	150	3	8.31
236	126	3	6.9
615	113	4	16.71
465	120	4	15.73
602	107	4	15.47
106	3763	3	24.25
102	2401	4	20.14
113	108	75	178.06
113	233	12	43.24
115	681	4	18.35
135	327	3	11.16
102	798	4	9.96
122	110	27	37.07
122	302	4	12.25
102	628	6	16.78
225	262	3	17.19
158	269	4	18.81
12	2913	3	10.6
129	1135	4	27.97
790	12	4	5.96
129	1186	3	19.49
715	107	3	11
101	2314	5	28.04
4377	12	3	14.24
163	110	8	10.98
12	288	74	450.01
200	494	4	31.05
16	2	70	260.4
321	14	16	27.39
473	16	3	10.71
211	233	3	15.47
211	108	8	18.58
286	14	20	34.87
434	112	5	18.77
297	128	5	20.69
123	3151	3	25.94
312	111	6	19.17
1772	3072	4	75.7
947	109	3	12.93
5463	5352	3	71.53
1931	104	3	13.54
1029	121	5	33.1
237	1683	4	45.47
186	338	5	34.97
106	1423	5	31.71
186	262	3	15
142	2084	4	35.83
445	101	4	4.82
113	176	5	5.75
12	1191	3	5.1
565	2096	3	41.03
122	285	4	11.84
101	1971	3	11.47
3396	14	3	10.83
105	5515	3	27.52
122	117	20	26.73
136	176	5	12.95
382	152	4	22.72
104	3030	3	18.14
106	149	17	32.58
136	119	10	10.54
12	373	6	4.46
148	117	16	36.74
101	846	4	9.89
8	1913	5	43.21
110	402	3	7.67
416	8	3	11.73
120	4486	3	26.5
193	128	5	13.41
121	400	6	28.23
178	111	5	5.55
1528	12	4	11.08
131	300	3	9.79
1977	2218	3	51.38
198	114	6	11.02
131	12	76	72.58
1977	2322	3	51.38
116	4918	3	30.62
495	14	9	14.15
243	134	3	8.01
214	704	13	154.42
127	346	4	16.61
116	523	4	16.33
39	217	4	18.35
356	108	3	6.46
141	387	4	19.58
141	591	3	15.79
165	114	11	23.39
287	142	3	10.39
103	901	3	7.39
143	1919	3	23.81
1352	12	9	42.71
6027	173	3	40.65
117	3602	4	36.17
128	189	5	12.9
128	134	10	17.75
110	1987	4	27.89
1000	103	4	13.05
141	183	5	14.2
345	14	21	51.26
168	203	3	11.44
118	1789	5	39.25
108	1345	5	31.8
288	122	24	161.19
1031	103	3	8.39
158	642	3	19.84
107	307	3	5.23
101	386	9	21.13
12	626	21	99.7
254	102	12	20.56
180	1600	3	28.84
324	102	7	11.16
101	2726	4	21.51
337	12	9	10.35
806	14	8	19.8
106	994	4	19.98
5304	4227	3	67.03
411	14	8	8.33
4393	14	3	12.95
155	134	4	5.47
176	448	3	19.4
59	115	23	34.67
153	152	3	5.07
115	566	4	16.31
216	538	4	32.88
3608	14	3	10.83
13	103	22	28.48
359	121	5	20.05
2025	107	3	18.23
102	2753	3	14
150	148	4	6.95
208	408	8	72.13
145	122	11	18.59
112	364	6	21.93
2429	14	3	8.23
152	814	3	20.53
669	14	5	6.15
104	2414	5	33.03
3233	103	3	16.65
164	112	54	280.8
102	1481	4	15.48
110	1069	4	21.11
39	135	5	11.95
132	958	3	18.72
12	4339	3	14.24
155	2744	5	57.84
159	184	3	8.76
4818	57	3	32.76
228	133	3	7.35
479	12	8	13.35
4427	1482	4	78.65
365	103	6	11.11
151	378	3	14.98
1288	170	3	26.5
104	132	85	251.93
126	105	57	155.85
4326	101	3	17.34
179	117	4	4.72
2970	14	4	15.7
170	140	4	8.87
122	126	12	14.92
4063	876	3	50.45
102	721	4	9.25
1397	57	3	19.34
301	116	6	20.92
125	524	3	13.25
106	1426	6	40.94
114	104	56	48.33
144	263	64	656.55
141	2469	3	25.61
263	109	4	7.07
761	12	4	5.64
160	465	3	17.57
149	233	3	9.83
2191	14	4	12.47
368	156	4	22.84
516	103	3	4.15
273	2825	3	37.55
5032	123	3	32.65
653	103	4	9.65
1307	14	5	12.48
104	519	8	29.4
12	2996	4	17.4
239	730	3	26.38
515	522	3	30.59
103	1516	3	10.74
12	139	39	11.98
1590	142	5	44.8
141	116	12	16.17
161	133	4	6.44
133	1133	5	38.46
103	662	3	5.65
950	14	8	22.63
102	507	4	6.05
13	108	7	6.5
115	1167	3	15.64
147	170	5	15.34
1489	101	4	15
12	781	12	45.18
106	1061	5	28.2
1287	14	6	17.52
8	1129	3	18.4
4501	14	3	12.95
107	261	7	18.83
102	1264	3	8.62
324	160	8	56.57
252	121	15	75.73
85	151	6	13.76
127	206	6	19.19
116	361	7	30.66
917	104	4	14.45
108	1445	4	24.08
1703	120	3	18.85
2056	14	3	7.32
472	174	3	19.58
12	886	17	93.07
209	132	10	44.84
650	2600	6	106.64
198	138	9	37.97
341	108	3	6.27
8	1501	4	30.06
349	147	3	13.53
341	233	4	29.8
153	390	6	39.84
145	119	19	45.68
165	138	4	7.63
1406	103	3	10.17
1377	113	3	16.13
12	3449	5	31.07
116	1246	5	33.82
332	104	5	8.84
1666	102	3	10.3
1535	12	4	11.08
111	1480	3	16.46
101	3861	3	17.34
124	1103	9	79.64
102	761	8	30.97
1193	12	9	38.14
102	710	3	5.13
135	161	4	6.58
470	14	9	13.29
1556	14	9	41.79
650	14	5	5.83
344	154	4	21.82
344	110	3	6.61
148	267	3	10.6
146	3049	3	29.84
311	59	3	8.56
57	12	157	279.45
121	5030	3	31.71
57	345	4	15.31
239	792	10	118.85
16	193	7	18
154	485	3	16.96
348	160	5	31.11
399	14	9	10.75
133	930	3	18.36
101	2256	5	28.04
127	756	3	16.4
108	1820	3	17.43
111	1081	8	57.34
2023	429	3	39.33
770	14	8	18.98
270	106	3	4.2
183	152	4	12.81
110	101	138	190.22
12	2935	3	10.6
219	445	3	21.81
3124	1280	3	50.75
368	14	11	14.58
1483	14	3	5.36
101	1808	3	10.65
263	102	12	21.45
287	2246	3	36.78
113	429	4	13.46
235	122	4	9.12
103	201	13	18.81
451	132	3	13.25
2646	2035	4	74.34
1418	14	6	18.71
130	201	3	5.83
5927	2623	3	63.21
16	178	6	11.98
1162	103	3	9.2
101	1095	3	7.42
110	142	16	22.96
242	120	3	4.91
105	838	3	10.96
151	59	5	5.3
167	102	56	176.8
1055	12	3	4.39
136	122	8	7.44
106	259	5	10.4
294	301	4	31.33
283	103	5	4.9
1267	103	3	9.66
102	2015	3	11.83
160	231	3	11.36
115	665	3	11.99
135	145	21	78.27
170	236	3	13.3
1519	14	5	14.41
122	123	15	20.21
260	16	4	9.92
109	422	3	7.67
2305	12	3	9.45
8	2559	3	25.02
191	140	4	10.23
617	102	5	11.82
4977	2218	3	61.97
145	191	6	21.23
889	104	3	8.74
284	1100	3	31.33
1212	14	6	16.46
146	760	3	19.12
117	793	3	13.85
127	565	4	21.15
2	164	8	16.78
116	2889	5	45.65
1934	1036	6	102.11
239	332	6	49.77
102	1174	6	25.61
111	2647	4	31.36
101	589	14	61.09
237	166	3	12.79
525	103	5	11.37
106	4277	3	24.25
106	2186	6	48.51
118	1082	4	23.98
266	14	13	9.4
490	103	6	15.08
1939	14	6	23.55
119	154	5	4.01
208	141	3	7.09
141	127	5	4.19
134	104	22	15.59
1280	9	3	19.34
112	133	12	10.49
3564	12	3	12.1
880	109	8	51.43
112	188	5	6.39
1038	104	3	9.78
106	1786	3	17.37
115	488	7	34.62
924	580	4	50.16
616	717	5	63.27
136	1695	3	22.57
309	355	6	56.69
105	505	5	17.49
133	141	14	37.79
436	414	3	27.89
239	506	6	56.1
164	139	11	41.44
2897	1055	4	67.43
121	3646	4	37.3
306	128	3	9.78
115	227	4	6.7
116	6143	3	30.62
251	9	4	11.72
845	102	3	6.11
1391	12	3	5.97
584	101	5	10.31
5883	14	3	17.33
138	124	6	5.58
313	138	4	16.99
128	205	3	5.92
266	170	3	14.36
140	863	4	27.31
4767	14	3	17.33
108	390	8	34.55
59	3055	3	25.69
119	117	12	5.61
3395	14	5	28.88
119	182	10	28.45
106	3443	3	22.04
119	285	3	6.58
1822	4080	3	55.57
1876	165	3	28.06
254	118	14	65.71
432	421	7	78.64
111	425	3	8.08
127	228	5	15.9
237	221	3	16.16
337	127	9	51.75
104	920	6	27.08
85	182	5	15.32
2471	14	6	29.03
12	112	97	26.08
182	122	7	17.05
111	2319	5	40.37
104	410	14	61
110	267	3	4.18
116	659	17	140.32
124	1436	3	20.4
108	1020	3	13.56
523	14	7	8.62
595	226	3	24.37
1684	14	3	5.91
215	101	10	8.66
101	1854	4	16.95
2875	14	3	9.36
102	943	3	6.7
106	1542	4	24.01
115	789	3	13.05
553	172	3	20.58
125	493	4	19.55
780	14	5	7.25
122	101	37	8.61
114	584	3	10.32
102	791	8	31.85
774	378	3	31.31
1295	114	8	61.78
303	114	4	9.79
1029	107	3	13.51
110	590	3	10.1
190	1267	3	27.58
1437	185	3	28.45
200	224	9	63.49
101	762	3	5.28
12	2861	6	37.29
3350	450	3	43.33
1404	14	4	8.75
118	3691	3	26.45
101	612	8	25.67
105	4199	3	23.04
136	144	5	5.87
330	12	10	12.66
102	630	4	8.06
101	1882	3	10.65
122	213	3	4.5
915	12	4	7.07
113	207	4	5.13
111	1969	3	18.72
542	110	9	48.69
829	105	4	17
4413	14	3	12.95
109	392	5	17.01
919	162	3	22.8
585	14	11	25.52
109	214	5	7.89
297	103	6	8.03
129	399	3	12.08
114	229	7	17.83
102	1094	3	7.75
114	120	20	17
152	474	3	16.67
125	202	3	5.38
166	12	22	12.18
143	120	41	151.73
16	323	3	8.26
520	9	3	13.08
163	137	3	4
646	121	7	43.93
130	114	23	42.8
116	2537	6	55.53
106	368	19	114.46
111	1030	5	29.01
117	577	11	73.19
242	147	3	9.79
183	125	3	4.46
104	2249	6	43.9
2573	101	3	13.63
137	105	47	131.47
107	132	39	103.73
85	197	5	16.76
8	6171	3	33.32
312	2124	3	36.54
118	1706	3	18.8
113	2237	7	68.83
119	126	10	7.92
1859	113	3	18.12
128	160	5	8.88
637	131	3	15.51
401	103	4	5.63
2104	14	3	7.32
134	187	9	34.5
134	262	3	8.63
145	108	9	6.06
171	480	3	19.65
191	124	7	21.2
119	377	3	8.79
175	118	16	57.24
12	3454	3	12.1
987	104	5	21.13
140	759	3	17.67
203	227	3	14.69
184	116	4	4.88
734	12	5	8.63
120	308	4	11.63
1300	14	9	36.41
221	138	5	17.31
295	373	3	23.72
102	1465	3	9.67
827	123	3	15.89
341	119	4	13.04
392	102	5	7.2
1565	551	3	39.21
252	309	3	20.27
223	343	3	20.15
101	2707	3	13.63
105	244	21	89.89
104	4209	4	33.07
999	342	3	32.29
147	154	9	30.05
104	2290	3	15.37
2637	746	6	108.95
101	342	6	8.12
101	418	9	22.66
137	108	21	36.06
527	103	3	4.15
12	1924	3	7.73
115	519	3	9.99
102	525	7	18.1
112	108	60	115.36
165	575	5	38.22
101	1111	7	30.54
102	441	5	8.35
285	454	3	24.9
119	269	5	14.04
813	114	3	12.66
195	118	8	21.42
128	104	20	9.33
217	1288	5	54.56
59	4818	3	32.4
2664	258	3	36.64
891	104	4	14
150	191	3	8.1
116	1110	3	15.75
313	116	3	7.06
1725	12	3	7.07
606	12	4	3.88
138	272	4	15.17
2463	12	3	9.45
117	1923	5	39.14
118	797	5	28.71
601	790	3	35.02
652	106	4	16.35
727	101	11	48.69
102	268	23	71.07
234	233	4	24.33
237	6085	3	44.17
102	336	13	36.6
2112	14	3	7.32
593	143	3	15.88
1692	12	4	11.95
640	12	7	14.43
510	294	5	48.66
111	332	4	10.56
479	9	3	12.59
154	102	16	7.3
12	393	17	46.9
438	238	3	22.6
142	698	4	25.39
105	923	3	11.6
2420	14	4	13.89
1277	103	3	9.66
104	259	10	21.89
957	101	4	11.19
1136	125	6	46.88
1895	103	3	12.09
104	1483	3	12.17
101	2027	5	25.88
372	118	3	8.67
122	153	5	4.87
693	109	3	11.16
125	469	3	12.6
12	1226	3	5.51
117	6068	3	30.87
211	328	4	27.97
102	1031	6	23.66
104	3974	3	20.34
686	104	3	7.4
901	114	3	13.28
424	14	13	25.24
229	123	3	5.78
124	246	6	21.61
132	1522	4	31.6
109	201	4	4.18
129	566	3	14.25
1383	14	5	13.39
952	158	4	32.66
270	122	4	11
173	421	3	18.84
2489	1473	5	90.57
143	218	3	7.57
106	485	4	13.31
304	102	7	9.38
233	177	10	69.35
130	220	3	6.67
106	365	13	66.21
660	104	3	6.95
298	120	8	33.17
110	270	5	11.96
111	867	5	27.03
753	109	9	57.21
108	1853	5	35.68
153	2062	3	27.2
12	101	280	33.69
142	936	3	19.03
143	340	11	73.71
397	14	9	10.44
890	131	7	54.89
277	102	15	37.65
333	120	3	7.91
1959	12	3	8.52
139	195	3	6.39
120	3386	3	24.28
1518	121	4	27.94
140	240	17	106.11
124	486	3	12.68
160	122	8	15.77
8	825	10	83.51
2447	14	3	8.23
102	677	5	12.93
152	271	6	32.49
136	231	3	7.67
12	344	7	5.79
2883	14	3	9.36
106	131	12	8.19
554	149	3	17.03
354	110	3	6.8
2478	14	4	13.89
196	1558	3	29.16
104	102	133	54.78
725	133	6	42.71
2403	121	3	22.19
193	204	3	13.17
111	792	3	12.28
2508	114	3	20.12
2007	109	6	48.86
1027	9	3	17.97
1141	14	7	20.63
1568	536	3	39.02
159	14	70	116.18
105	516	3	7.7
184	138	4	9.67
39	164	8	38.4
1061	14	4	6.49
247	534	5	45.93
1524	131	3	21.35
175	132	6	16.82
191	126	3	4.92
408	497	4	40.74
3462	114	3	22.92
212	191	3	13.34
845	107	3	12.11
112	249	5	10.61
101	1276	5	19.41
1396	12	4	10.31
114	847	3	12.96
206	238	6	39.3
373	120	4	13.82
1564	169	4	40.32
807	12	4	5.96
189	342	7	55.07
1883	14	5	16.98
543	101	4	6.03
119	124	23	45.69
111	480	6	25.81
265	21	3	11.38
381	143	3	12.92
1082	110	5	29.71
177	127	4	7.77
383	114	4	12.44
439	12	8	11.93
107	227	4	5.33
117	4190	3	26.38
101	467	6	11.85
1597	57	3	20.61
458	102	4	5.36
2695	12	3	10.6
115	1186	3	15.64
12	673	6	11.47
12	599	4	3.88
1463	106	3	15.97
230	14	63	211.87
150	108	11	14.3
234	191	3	14.36
262	109	3	3.86
1262	121	4	26.33
108	2992	4	30.78
102	238	8	7.21
145	133	6	8.63
173	643	3	22.11
349	102	5	5.95
198	116	4	5.76
106	714	3	11
209	118	23	116.42
120	188	8	20.26
360	12	8	8.62
2438	152	5	54.48
101	3132	3	15.16
102	3810	3	17.71
1306	14	6	17.52
106	2506	3	19.24
2	13	13	34.9
194	119	9	25.97
127	105	23	28.03
1858	101	4	16.95
110	709	5	24.38
181	400	3	19.02
120	382	3	8.94
1155	9	5	37.35
112	191	5	6.67
185	121	5	9.37
134	109	16	19.35
101	4024	3	17.34
108	376	10	46.62
161	119	15	43.66
141	138	11	26.58
395	103	4	5.49
103	317	7	12.54
1056	131	4	27.68
3491	14	4	18.22
2430	14	3	8.23
944	101	3	6.37
559	185	5	41.24
4787	112	3	29.32
925	103	4	12.57
441	104	3	4.56
529	140	4	22.08
1143	12	4	8.47
109	282	5	12.34
312	113	3	6.01
3316	123	3	25.94
16	217	3	4.35
101	1098	3	7.42
805	14	8	19.8
1494	352	4	49.98
178	113	6	8.73
1221	169	8	90.39
290	102	7	8.76
117	1487	3	18.07
124	433	27	245.46
118	316	3	7.42
115	602	8	46.25
186	134	5	13.49
116	3515	4	35.84
102	600	3	4.18
122	224	3	4.92
101	3242	3	15.16
1001	103	3	8.03
375	14	28	94.24
3543	14	4	18.22
101	2074	6	34.68
353	111	3	6.84
135	307	5	22.39
113	328	10	45.02
103	1314	3	9.66
106	159	25	76.39
1025	8	3	17.97
289	122	4	11.94
101	2404	3	12.44
1173	103	3	9.2
214	478	9	87.96
400	4095	3	44.85
781	108	3	11.57
218	563	4	33.52
2465	14	4	13.89
1211	112	3	14.94
1505	199	3	29.32
126	346	3	10.59
129	1354	3	20.53
16	135	15	26.99
361	165	3	16.58
2404	2446	3	52.4
520	111	4	14.57
12	137	179	501
163	153	3	6.26
197	114	6	10.95
108	2255	3	19.29
114	102	94	92.81
343	133	4	17.5
106	1119	3	13.92
166	114	9	16.99
135	350	3	11.66
2020	123	4	32.49
109	271	5	11.56
157	214	12	73.69
2500	14	3	8.23
277	134	5	20.94
1047	14	4	6.49
13	164	3	7.21
444	101	4	4.82
112	119	54	127.75
388	180	8	66.87
180	126	5	11.65
161	191	3	9.57
140	949	3	18.95
85	314	3	11.91
5	9	3	19.34
101	2828	3	13.63
831	107	5	25.66
684	12	4	5.06
12	778	20	111.11
172	138	10	39.31
137	176	4	9.04
101	425	10	27.75
1313	362	3	34.43
1244	14	3	4.43
449	106	3	7.9
2400	101	3	12.44
21	45	6	22.43
102	3895	3	17.71
159	139	7	18.18
4479	9	3	28.82
101	3856	3	17.34
106	1937	3	17.37
1223	210	5	54.17
102	315	7	10.4
102	255	35	135.92
414	106	3	7.39
234	119	7	21.31
191	110	6	9.53
193	172	9	53.77
155	1090	3	22.96
255	109	5	10.38
5132	2334	3	61.97
8	1959	3	22.77
154	227	5	22.17
5272	497	3	50.7
136	188	3	5.68
102	827	3	6.11
122	269	3	6.39
353	12	12	21.22
102	2607	4	22.01
108	731	10	64.72
104	1467	3	12.17
1007	185	3	25.9
347	450	4	38.06
110	1364	3	15.83
139	14	65	41.96
1473	8	3	20.49
390	113	6	23.7
114	109	29	25.74
774	107	4	17.76
122	440	4	16.32
105	5198	3	27.52
102	1015	3	7.37
263	104	6	8.03
1606	12	3	7.07
102	1775	3	11.01
12	126	39	4.45
12	197	117	573.71
124	1540	3	20.4
371	136	3	12.21
214	425	3	21.33
146	355	6	35.72
1211	14	5	11.67
183	199	3	12.18
123	214	13	58.36
1489	14	5	14.41
534	185	6	51.12
121	2395	6	57.72
107	259	5	10.41
104	1092	5	22.57
104	956	7	35.17
177	12	16	6
105	177	7	8.29
579	111	3	9.94
141	114	12	13.19
2006	12	3	8.52
115	503	3	9.83
4267	14	3	12.95
3225	103	3	16.65
134	259	3	8.63
112	122	25	32.17
102	577	3	3.86
135	668	3	16.41
2526	14	3	8.23
435	14	7	6.6
200	2107	4	45.26
104	2055	5	30.85
105	1199	3	13.19
276	177	5	31.14
111	316	3	5.94
243	120	3	4.96
101	3022	4	24.1
299	102	14	35.44
3692	9	4	44.42
106	803	10	66.94
1384	14	4	8.75
116	2662	3	22.34
12	884	12	50.22
123	392	3	10.72
2148	131	3	23.64
107	394	3	7.16
101	283	39	180.16
271	106	10	35.73
327	122	3	8.51
108	1460	4	24.08
199	404	3	20.09
508	104	3	5.22
292	114	5	13.77
221	12	14	9.94
342	128	3	10.89
352	419	3	26.36
598	1701	3	40.02
251	12	12	9.58
176	293	3	15.83
102	3100	4	24.6
369	14	22	59.71
3293	103	5	38.83
111	1315	3	15.33
108	523	9	46.92
161	122	5	6.27
1545	119	4	26.92
111	1113	14	129.17
141	271	4	15.16
119	236	5	12.19
537	568	3	31.33
196	856	3	25.16
119	112	20	15.46
588	121	8	50.04
373	104	4	6.55
859	113	3	12.83
115	350	8	35.14
107	242	7	17.27
3531	173	3	33.93
101	587	13	54.28
4560	12	3	14.24
172	114	11	27.02
123	12	52	10.86
118	1674	3	18.8
2491	14	3	8.23
476	185	4	29.61
85	236	4	14.13
197	138	4	10.65
12	182	29	36.47
222	141	7	29.22
101	1097	5	17.75
124	3803	3	28.74
101	1037	6	22.94
183	111	7	12.08
298	104	4	4.37
110	140	25	54.07
2437	12	3	9.45
127	742	3	16.12
639	114	4	17.18
3684	2340	4	83.51
4933	104	3	24.8
105	2053	4	25.68
135	396	5	26.13
166	138	4	8.05
12	1553	4	11.08
125	117	8	3.88
1121	14	7	20.63
1148	185	4	38.39
114	205	12	38.68
5011	103	3	23.29
144	176	4	9.81
605	143	4	23.86
211	105	17	57.27
160	108	6	4.66
456	106	3	7.9
152	141	6	12.76
210	1201	3	28.31
108	694	4	17.09
8	2557	4	36.8
685	113	3	11.71
104	118	47	43.31
126	206	3	5.69
117	284	8	32.21
1286	14	6	17.52
106	261	5	10.4
101	841	7	25.63
1903	14	3	6.56
1016	354	3	32.92
102	2149	3	11.83
140	354	3	12.2
6333	131	3	34.19
2201	14	3	7.32
102	870	11	55.82
921	695	17	309.64
8	1672	10	111.16
180	1688	4	41.3
126	274	3	8.58
354	101	8	15.26
106	132	54	177.49
294	124	4	13.85
12	491	16	50.76
114	1289	3	15.72
535	214	3	22.78
8	1985	6	57.68
1200	14	6	16.46
367	103	4	4.85
2103	14	3	7.32
245	198	3	15.2
160	119	5	5.08
113	105	107	284.57
170	117	6	10.37
537	773	4	47.58
1699	12	3	7.07
118	332	6	23.71
850	142	5	36.23
102	114	44	6.25
165	12	22	10.56
3378	12	3	12.1
251	57	3	6.75
115	177	8	16.6
118	839	4	21.42
138	123	8	9.65
9	145	7	9.62
196	727	3	24.26
146	704	3	18.57
105	399	6	20.24
133	214	3	6.79
1542	14	4	9.49
299	134	10	57.71
2	217	17	79.63
102	1500	4	15.48
421	104	3	4.22
164	184	5	21.06
320	8	4	15.34
104	2383	3	15.37
102	1126	3	7.75
331	12	11	16
717	757	3	35.92
105	322	3	4.78
105	246	35	191.85
111	543	12	73.17
3629	14	3	10.83
194	103	8	5.3
116	252	5	12.68
132	674	5	32.58
128	203	3	5.77
446	166	4	27.07
141	201	3	6.71
109	674	3	10.92
134	218	4	11.39
103	630	5	13.87
103	780	3	6.56
2015	107	5	37.37
395	128	8	47.89
590	227	3	24.15
118	867	3	14.55
317	122	3	8.16
111	4162	3	24.74
102	526	4	6.23
106	877	5	26.23
199	180	13	90.81
663	210	4	35.2
1024	101	4	11.69
439	21	3	15.94
1122	1838	3	45.06
392	160	5	32.92
603	104	3	6.35
1938	12	4	12.95
265	12	26	58.7
111	522	9	48.21
111	386	5	17.3
2663	118	3	22.65
2	135	23	58.78
1041	12	5	12.2
2951	114	3	21.35
184	114	6	9.59
127	449	3	12.6
2810	1033	5	88.82
120	106	27	28.75
113	1920	3	18.12
133	2961	4	38.36
493	14	9	14.15
2744	110	3	20.92
129	4531	3	29.47
171	478	3	19.65
153	387	4	22.99
2501	14	3	8.23
101	1582	4	15.91
101	1371	4	14.2
4574	12	3	14.24
1213	12	3	5.1
156	114	12	22.69
276	107	3	4.56
108	2603	3	20.52
122	314	4	12.92
1722	148	5	47.15
1491	12	3	6.48
568	12	6	8.78
512	114	4	14.85
2356	121	4	32.76
850	101	8	31.82
5760	14	3	17.33
193	245	5	30.1
264	212	3	16.7
148	140	9	22.53
102	2111	3	11.83
154	109	9	10.4
1636	137	3	22.79
102	1858	3	11.01
1218	150	3	22.81
249	140	3	8.69
101	864	4	10.29
210	104	9	12.57
740	177	5	44.08
3473	107	4	33.33
433	12	6	6.13
800	12	7	18.05
106	470	4	13.1
12	319	8	6.98
142	1038	3	19.8
663	650	3	34.59
106	366	24	157.7
8	5659	3	33.32
1892	14	3	6.56
2135	14	3	7.32
922	1114	4	56.6
394	432	3	27.62
930	14	5	9.1
139	124	7	8.13
241	119	4	8.37
104	1270	4	17.31
143	1556	5	43.62
462	12	9	16.12
103	284	7	10.66
104	4141	4	33.07
474	103	5	10.37
114	108	31	29.51
322	226	3	19.78
115	1088	4	22.8
108	1053	4	20.59
368	12	7	6.53
132	1402	3	21.04
1357	109	5	32
1580	113	3	17.38
781	102	8	30.97
2774	57	4	36.07
105	737	6	28.99
101	2209	4	18.17
770	12	5	9.05
2200	14	3	7.32
16	129	23	54.17
197	170	5	24.08
12	198	95	401.25
101	690	6	17.54
1450	103	4	16.93
403	103	5	8.9
1687	131	4	32.17
57	14	100	71.3
717	432	3	31.84
106	105	46	46.32
154	176	4	12.44
2106	14	3	7.32
118	1579	3	18.8
101	4505	3	17.34
308	284	5	41.69
276	685	3	28.03
470	12	5	4.31
2854	12	4	17.4
1811	107	4	26.04
447	169	22	241.21
225	108	4	5.33
205	117	4	6.47
8	690	4	22.96
186	119	4	5.24
113	187	12	33.74
12	1295	3	5.51
109	946	3	12.93
116	1127	8	61.05
111	1585	6	45.07
156	112	11	18.28
1535	14	3	5.36
117	2110	6	52.78
114	2203	3	19.11
212	102	12	14.42
652	121	3	13.35
112	548	3	9.5
450	133	6	35.09
140	5422	3	35.08
112	1307	3	15.43
243	16	4	9.12
237	512	3	23.55
1434	210	4	42.75
104	1093	6	29.71
392	119	4	14.4
85	152	5	10.16
213	136	3	6.97
844	14	7	16.03
684	110	6	31.67
1904	12	4	12.95
123	142	16	38.46
172	270	3	14.92
6309	9	3	33.31
137	293	3	10.28
950	12	5	10.99
317	102	8	13.7
112	218	5	8.64
101	1244	4	13.48
101	1126	4	12.24
395	149	3	14.88
359	119	3	8.36
208	101	20	37.93
119	152	7	8.74
813	14	8	19.8
195	103	8	5.37
1517	108	3	16.03
418	14	6	3.96
751	14	6	10.71
281	122	3	7.15
266	12	9	4.71
161	59	8	17.59
302	202	3	17.62
208	256	3	16.16
208	142	10	46.64
119	113	22	20.69
1345	12	5	15.41
561	150	4	25.76
174	1884	3	29.21
101	526	5	9.21
123	101	132	306.96
102	1582	3	10.3
12	987	10	39.76
360	110	4	11.18
884	134	4	26.63
1682	14	4	10.33
111	240	4	6.41
195	515	3	21.58
150	102	19	10.56
1569	185	4	41.67
101	1599	5	22.71
4	455	3	41.74
112	445	3	8.43
105	3957	3	23.04
2230	101	3	12.44
604	14	5	4.97
419	101	13	42.67
109	545	4	14.4
140	285	5	22.15
8	2556	4	36.8
686	381	3	30.88
12	1195	3	5.1
106	1530	6	42.4
573	2397	3	42.05
102	610	4	7.79
102	811	3	5.84
254	862	3	28.27
104	228	45	220.06
167	105	23	69.27
393	16	3	9.63
437	134	3	13.2
101	4552	3	17.34
104	430	4	7.88
641	1626	3	40.47
937	14	6	13.12
218	464	3	21.92
5515	14	3	17.33
511	16	5	23.8
279	14	12	9.91
397	114	11	58.07
16	45	5	8.27
182	163	4	14.54
148	476	4	23.36
847	242	3	27.39
145	887	3	19.33
307	109	3	5.37
125	116	11	9.06
3038	155	3	31.2
1514	113	6	43.91
102	1067	4	12.16
114	249	5	11.04
280	382	3	23.64
144	227	3	8.33
102	915	6	22.02
144	118	59	269.57
162	519	3	18.6
441	106	6	23.92
174	108	7	10.19
105	2054	3	17.03
136	104	27	27.79
656	113	3	11.23
173	251	3	14.04
101	827	4	9.89
488	103	3	3.89
158	403	12	101.15
178	124	3	4.01
465	122	7	37.38
1937	14	6	23.55
910	355	4	45.49
580	3358	3	45.08
106	5823	3	28.73
120	3372	3	24.28
124	416	27	241.52
290	119	3	6.65
101	3318	4	24.1
767	102	4	9.59
611	107	4	15.75
523	12	6	7.87
1684	12	5	17.67
574	120	4	17.53
114	191	6	10.24
357	340	3	24.88
139	138	10	22.22
118	376	3	8.78
174	119	6	10.7
2973	14	3	9.36
120	2173	3	20.46
952	210	4	38.63
12	303	55	270.78
1715	3237	5	100.24
979	109	9	63.39
130	126	6	4.85
101	1015	9	43.81
1661	114	6	45.86
111	2318	3	19.73
117	1069	3	15.58
337	195	3	18.48
194	102	10	7.11
724	118	3	13.36
1130	12	3	4.73
177	137	3	5.36
193	903	3	25.37
716	565	3	33.54
137	259	3	8.99
147	143	18	69.49
171	1463	6	66.06
104	4198	3	20.34
134	122	9	9.5
272	152	3	12.25
12	1941	9	55.94
118	958	5	31.11
102	2723	4	22.01
105	1523	5	30.83
119	114	24	26.33
1331	144	3	22.18
119	179	10	27.52
467	104	4	8.41
104	1627	4	19.8
119	282	9	38.13
412	160	3	16.85
2019	113	4	28.29
563	714	3	33.54
102	283	19	57.82
101	1419	4	14.2
142	1497	3	22.32
1897	125	3	22.07
349	119	6	24.56
146	4478	3	32.07
1115	101	3	7.42
799	14	4	4.6
164	136	4	7.3
106	640	15	106.89
133	316	7	36.69
108	1482	3	16.03
133	256	4	13.32
151	1006	3	21.71
133	142	11	24.99
327	102	5	5.29
454	155	3	16.6
59	1179	5	35.85
8	1430	3	19.89
104	756	7	30.84
1354	966	3	42.19
1124	230	3	28.73
117	830	4	21.33
133	101	51	60.48
109	1021	5	28.49
9	103	49	58.75
150	134	5	7.8
118	688	4	19.86
121	1646	9	88.71
118	614	3	12.16
764	239	4	38.09
1142	180	3	26.06
171	479	3	19.65
251	137	4	13.76
2130	114	3	19.11
145	159	3	4.14
234	102	12	17.79
652	104	3	6.95
142	1215	3	20.68
103	689	3	6.08
102	587	4	7.3
134	190	3	5.66
101	1176	11	65.5
112	102	59	20.39
108	4821	3	28.78
180	143	6	18.93
3419	14	3	10.83
219	971	3	27.4
177	123	4	6.53
392	108	3	7.2
101	2641	4	21.51
124	5442	3	33.23
101	492	5	8.72
137	102	76	160.44
111	1101	6	38.41
101	2284	4	19.65
8	5538	3	33.32
298	188	3	16.66
104	504	20	116.53
183	126	8	25.96
143	176	3	5.52
102	1653	3	10.3
3041	110	3	22.49
130	117	8	4.82
12	318	7	4.82
102	1097	3	7.75
533	432	3	29.45
158	3663	4	51.16
103	182	9	5.85
103	117	35	9.52
166	14	40	44.02
224	1519	3	30.64
102	4220	3	17.71
124	312	3	9.32
585	12	5	6.06
1508	12	3	6.48
246	173	25	228.34
144	401	28	272.7
102	631	15	74.36
225	119	29	169.32
135	172	3	4.89
186	108	18	60.33
111	2418	6	52.74
535	101	10	32.72
837	2791	6	110.3
154	108	7	5.43
330	14	12	14.78
59	1619	3	20.25
102	3244	4	24.6
111	694	6	31.75
117	200	4	6.11
437	102	5	8.14
104	206	14	29.19
1404	12	8	34.81
1511	107	8	63.82
126	118	21	40.53
142	1455	3	22.32
191	116	4	5.28
652	107	3	10.52
9	13	27	126.64
661	180	5	43.05
1309	14	3	4.43
4250	180	3	36.55
299	119	8	33.06
296	1474	3	33.7
209	206	3	14.15
287	1489	3	33.45
164	225	11	72.27
173	748	6	55.65
121	2259	4	32.76
3249	926	3	48.58
842	142	4	26.98
85	138	6	9.58
351	563	4	40.3
102	6124	3	22.16
127	132	11	20.63
1863	832	3	43.16
111	588	20	157.06
220	108	7	15.28
108	355	11	51.72
5091	3951	3	67.03
134	191	3	5.72
165	574	3	19.67
234	412	3	22.01
112	309	3	5.79
140	573	4	22.83
108	866	3	12.48
139	114	9	6.19
104	1153	3	10.61
966	8	5	35.04
158	1434	3	25.5
102	1098	4	12.71
675	14	16	60.81
114	122	25	34.12
210	158	3	10.11
509	119	4	16.52
16	208	3	4.07
16	311	3	7.74
828	127	3	17
4270	14	3	12.95
539	109	3	9.12
483	121	3	11.08
1140	12	3	4.73
289	102	7	8.76
183	438	8	69.31
2143	12	3	8.52
126	59	10	11.28
308	12	7	4
148	201	3	7.97
101	674	3	4.62
101	600	3	3.89
136	203	3	6.47
3606	14	3	10.83
12	392	7	7.6
102	693	3	5.13
152	224	11	65.53
101	2080	4	18.17
170	183	3	10.61
808	14	8	19.8
113	203	4	4.87
1397	14	3	4.86
957	12	5	11.57
1884	12	5	19.07
157	590	4	27.47
129	207	5	14.62
301	153	7	42.72
273	12	11	10.41
497	104	5	13.07
12	1314	3	5.51
122	113	31	52
1766	9	6	55.21
127	3492	3	27.08
1304	102	3	8.62
107	1710	3	16.64
276	649	6	64.36
778	138	3	17.59
124	487	27	256.99
1424	14	6	18.71
253	106	7	18.14
102	3166	3	15.53
105	1023	5	26.22
111	614	4	16.37
238	12	16	17.48
120	768	4	20.67
12	557	6	8.46
643	104	3	6.95
592	140	3	15.73
106	585	6	27.43
121	5060	3	31.71
182	120	6	11.66
530	14	8	11.68
104	346	7	17.26
12	4957	3	18.64
110	331	4	10.52
157	219	8	42.92
2184	230	3	33.15
104	1182	3	10.61
139	125	6	6
246	448	6	55
111	1755	3	17.86
325	1136	3	32.7
174	122	4	5.39
1197	131	3	19.71
235	107	4	5.78
142	1817	3	23.75
343	104	4	5.93
4613	12	3	14.24
235	159	4	17.33
106	1140	3	13.92
101	1790	3	10.65
114	190	8	17.42
102	880	4	10.75
108	506	4	13.8
1534	12	4	11.08
408	101	15	53.28
457	134	4	20.11
1123	14	11	46.61
3369	14	3	10.83
155	105	51	200.67
107	176	6	7.42
188	262	4	22.49
663	158	5	39.02
187	934	3	25.2
4632	14	3	12.95
842	101	8	31.82
109	5282	3	28.91
12	672	4	4.8
3492	1251	3	50.75
105	312	4	7.78
194	109	4	3.88
111	481	10	54.1
1929	104	3	13.54
177	126	4	7.55
454	12	8	12.27
695	8	5	31.13
102	1490	3	9.67
131	170	3	4.47
107	534	3	8.96
101	255	33	119.65
292	14	13	13.3
113	609	4	16.42
206	342	5	37.49
2519	102	3	12.8
1105	2253	7	134.3
118	694	5	27.23
4375	12	4	24.86
101	441	8	19.4
102	1111	7	31.39
101	525	7	17.31
102	1178	4	13.3
254	105	6	12
147	198	3	7.86
478	101	5	8.49
345	12	14	27.88
101	2876	3	13.63
117	1053	4	23.31
105	339	16	80.04
701	59	3	14.51
816	114	6	34.35
436	120	24	191.28
12	4644	4	24.86
120	2822	3	22.7
124	619	10	74.52
111	1115	4	21.74
1430	12	5	15.41
105	1607	4	23.35
141	269	3	9.4
119	298	3	6.8
869	990	4	54.96
5964	114	3	29.62
2207	14	3	7.32
102	418	9	23.68
102	342	5	5.81
323	545	4	39.06
373	106	5	15.94
115	552	4	16.07
191	199	6	33.53
762	101	5	13.64
199	1225	4	40.26
996	14	4	6.05
287	255	3	19.72
115	297	7	25.05
145	338	3	12.49
108	332	10	43.11
118	646	3	12.61
584	114	5	22.36
127	1108	3	18.87
9	128	9	11.47
150	109	8	6.94
105	518	4	12.45
2756	2218	4	75.87
838	59	4	23.34
613	12	4	4.09
101	336	21	78.61
101	268	13	24.22
131	166	12	45.49
131	14	210	517.55
1841	101	4	16.95
3938	1254	4	77.02
126	259	4	12.46
386	581	3	29.38
685	14	6	9.73
1528	14	3	5.36
121	579	16	126.59
136	120	7	4.15
498	312	3	26.32
3367	12	3	12.1
173	137	3	5.2
152	253	3	11.22
101	2046	3	11.47
4558	114	4	39.5
1003	120	3	15.3
157	101	61	158.77
146	1227	3	22.56
1007	180	3	25.63
284	125	5	19.61
1376	14	3	4.86
1364	11	3	41.81
246	579	4	35.51
235	120	4	8.23
2201	114	3	19.11
215	114	7	16.49
286	12	11	11.69
546	133	9	64.42
1898	12	7	34.15
904	114	9	62.78
12	220	13	7.72
16	59	167	995.02
143	144	5	6.48
321	12	8	7.16
598	181	3	21.88
102	1622	3	10.3
183	301	3	16.5
1744	185	3	29.88
735	117	3	13.29
224	123	6	18.77
111	865	4	19.64
2534	14	4	13.89
16	264	11	49.27
182	147	7	27.39
210	16	4	7.43
1476	14	4	9.49
355	734	3	30.55
130	101	40	29.75
101	2268	4	19.65
1307	12	4	9.63
111	965	11	85.24
117	438	3	9.71
116	676	9	59.44
1559	104	3	12.17
157	256	3	11.81
104	1204	4	16.64
157	142	8	22.38
260	134	3	8.63
122	125	14	20.37
170	143	5	13.3
186	122	12	41.87
657	14	10	24.96
12	1205	3	5.1
135	306	4	16.14
118	240	3	4.78
2341	12	4	15.57
4624	114	3	25.14
105	1749	3	16.18
104	1457	6	34.61
980	12	10	39.76
690	9	3	15.38
1208	102	3	8.17
116	931	7	47.55
106	2971	4	30.71
126	242	8	33.79
101	677	4	8.19
101	796	5	14.11
2450	14	3	8.23
12	591	9	21.2
2	324	6	24.57
104	697	3	7.4
1097	14	4	6.97
2099	121	3	21.18
1757	113	5	36.85
102	1584	3	10.3
4601	121	3	27.23
8	289	3	8.76
8	9	9	10.13
191	111	7	12.99
334	133	5	23.59
175	105	17	44.92
1006	117	3	15.19
3380	14	5	28.88
105	1236	5	28.71
203	1184	4	39.83
813	156	3	20.99
4698	210	3	42.84
141	170	3	5.24
5202	103	3	23.29
118	1063	5	31.83
153	151	3	4.91
317	109	3	5.68
102	467	9	25.87
846	687	4	51.43
102	571	11	41.15
444	12	10	19.43
824	102	6	20.6
12	777	5	9.05
806	12	4	5.96
12	845	7	18.8
254	312	4	29.7
188	163	35	290.09
107	206	4	4.34
102	1276	5	20.02
85	141	6	9.8
217	149	21	146.36
476	180	3	20.13
101	2777	4	21.51
118	339	4	12.9
124	354	5	22.47
743	102	3	5.36
115	628	4	17.71
124	2643	4	36.69
122	108	18	12.57
102	681	5	12.93
186	1412	3	27.84
4572	127	3	29.3
136	154	5	8.72
101	821	5	14.62
228	14	12	4.07
148	108	27	71.11
615	107	3	10.09
207	1496	3	29.79
958	121	3	16.01
393	12	8	10.4
146	339	5	27.32
4023	2048	4	81.98
298	116	3	6.52
715	114	3	11.84
105	764	5	22.63
639	102	3	4.53
2618	101	6	43.57
130	187	8	27.67
101	1025	5	17.02
1218	14	4	7.5
1717	106	3	16.63
164	888	5	43.97
103	187	11	10.63
984	138	3	19.24
103	338	6	10.17
102	934	4	11.19
211	117	4	6.86
144	14	35	4.3
8	11	7	53.81
102	978	5	16.95
12	5845	3	18.64
1737	12	3	7.07
641	878	3	36.12
607	102	3	4.18
112	253	5	10.78
1110	12	3	4.73
134	114	30	74.02
444	133	4	20.01
104	1773	4	20.87
471	119	14	93.93
104	1825	6	38.25
119	122	17	18.86
113	2281	4	29.81
108	1268	4	22.48
1512	14	3	5.36
111	536	3	9.41
566	376	3	28.93
576	105	4	13.15
85	122	12	22.31
137	153	5	8.95
1610	9	3	21.14
107	282	5	12.09
172	102	11	6.12
305	12	14	22.44
131	175	3	4.57
131	293	3	9.55
120	213	6	14.78
221	120	3	4.19
292	102	7	8.76
106	780	6	31.96
2550	14	3	8.23
217	358	6	48.69
2	115	27	41.19
1392	14	3	4.86
3640	14	3	10.83
803	14	4	4.6
202	101	10	7.18
101	1484	4	15
171	384	3	18.22
177	1124	5	49.05
257	102	8	8.46
2640	1341	3	49.71
108	307	14	66.18
105	1112	3	12.75
189	207	3	12.97
106	1892	4	26.03
113	762	3	12.24
145	101	19	4.55
135	614	4	23.36
244	597	3	25.08
120	301	7	27.34
102	1407	4	14.68
515	651	3	32.46
1429	14	5	13.39
995	12	3	4.08
132	755	4	25.23
168	114	16	48.53
105	240	5	7.56
12	716	4	5.06
1688	14	7	28.57
120	496	4	16.35
12	767	11	38.88
101	498	9	25.81
527	14	12	26.96
1721	14	3	5.91
216	487	6	53.54
103	683	4	10.27
2467	14	3	8.23
907	101	3	6.37
112	236	5	9.86
102	385	4	4.23
102	445	5	8.35
119	190	4	5.53
141	102	48	65.23
108	350	9	38.13
128	12	42	8.62
3506	12	4	19.95
102	892	8	33.8
250	118	7	22.69
166	160	18	110.15
139	119	24	62.38
157	132	9	25.25
117	464	11	66.56
169	14	44	60.64
2282	14	3	8.23
204	138	14	73.38
432	4274	3	45.41
1593	1030	4	61.61
386	180	6	46.11
16	211	4	7.53
2416	12	3	9.45
509	114	3	9.45
210	111	6	11.5
101	1060	7	29.39
182	272	3	15.61
16	254	3	5.76
197	160	4	15.27
12	260	74	368.09
233	284	5	36.59
3627	12	3	12.1
330	160	4	22.48
147	1073	3	21.2
851	176	3	23.91
2132	14	6	25.89
110	430	3	8.18
132	505	7	45.21
344	122	5	19.76
1441	123	4	29.18
318	14	8	4.72
671	101	5	12.36
246	226	3	16.69
104	1583	3	12.81
976	14	7	18.55
122	249	6	19.1
205	163	3	10.57
170	188	3	10.84
428	12	8	11.6
135	225	5	17.03
113	251	5	11.03
106	1383	6	40.94
301	109	4	8.85
108	1811	5	35.68
897	14	6	12.45
483	101	7	16.19
110	108	39	46.11
1273	121	4	26.33
1913	9	9	100
280	1128	3	31.17
2219	155	3	28.38
105	3345	3	20.83
114	298	4	9.58
2542	114	4	29.99
1427	12	3	5.97
263	155	3	11.8
4361	12	3	14.24
263	111	3	4.15
113	453	3	8.58
607	134	3	15.44
108	872	7	42.37
572	180	3	21.19
111	1782	4	26.68
139	108	11	8.43
117	1405	3	17.48
179	119	103	821.93
1001	14	8	23.74
102	822	7	26.47
102	652	5	12.54
102	719	5	13.76
353	107	3	6.42
4283	114	3	25.14
103	501	4	7.28
102	1995	3	11.83
228	139	3	7.86
136	126	6	5.71
1857	162	3	27.54
104	268	6	8.23
221	147	3	8.96
292	134	3	9.9
120	123	10	6.06
12	893	14	65.58
197	941	4	37.13
468	108	4	13.17
305	136	3	10.46
104	641	5	16.18
1836	251	4	47.28
223	293	5	36.03
104	692	15	92.61
104	775	4	12.79
314	130	3	10.21
426	104	3	4.33
117	698	4	19.77
108	1498	7	52.83
184	102	9	4.08
2280	12	3	9.45
276	169	29	290.79
156	161	5	15.29
108	120	16	6.61
12	1662	3	7.07
176	450	3	19.4
145	423	3	14.13
1381	14	4	8.75
1609	1823	4	67.24
102	566	6	14.75
117	3441	3	24.16
2151	131	4	34.53
158	1952	3	27.79
105	1563	4	22.41
1294	102	3	8.62
436	272	3	24.21
158	682	4	29.6
106	2198	5	37.36
116	59	12	8.44
1296	114	7	51.29
1901	12	4	12.95
127	142	15	39.37
172	134	6	16.93
106	1000	6	35.59
120	423	5	20.95
127	101	72	112.37
101	2669	4	21.51
85	103	53	109.16
106	4352	3	24.25
106	2177	6	48.51
101	444	4	4.82
102	1106	4	12.71
383	160	6	41.3
101	520	8	21.92
120	438	3	9.82
842	121	3	14.98
408	121	5	21.88
5935	12	3	18.64
59	130	7	5.26
59	193	3	4.16
117	1698	4	27.77
141	134	9	17.45
220	125	3	6.14
395	14	19	49.57
412	124	5	24.32
9	125	7	5.7
863	101	3	6.07
985	12	4	7.5
191	148	3	7.45
111	3870	4	38.97
104	3243	3	18.14
115	240	4	7.29
120	1400	3	17.6
226	421	8	75
598	938	3	36.02
112	1209	3	14.94
142	240	9	44.39
4654	114	3	25.14
1399	141	4	31.64
531	132	3	14.2
111	306	10	41.57
2	156	5	5
2445	14	3	8.23
380	59	3	10.25
1657	12	3	7.07
102	3292	4	24.6
606	849	7	97.08
232	118	7	20.94
157	501	3	17.65
910	426	3	33.55
102	2394	3	12.8
707	12	6	11.94
137	3653	3	30.48
118	312	6	22.37
160	166	3	7.79
553	112	4	15.16
113	117	53	125.06
349	1878	6	85.37
1059	14	5	10.27
144	545	8	58.14
1084	110	6	38.34
235	117	3	4.63
1291	14	8	29.47
125	2	8	4.84
574	301	3	26.78
122	362	3	9.21
102	1009	5	17.62
109	118	137	559.92
149	151	4	7.63
174	165	3	9.14
183	163	6	26.61
1398	12	3	5.97
103	5741	3	23.29
151	284	6	33.5
101	2236	3	12.44
101	2312	3	12.44
279	160	4	20.38
1543	103	3	10.74
12	290	24	60.52
123	609	3	13.59
12	215	17	15.35
182	110	5	5.87
1885	14	5	16.98
222	205	3	14.66
119	233	3	4.56
543	16	3	11.52
102	488	10	32.07
112	269	5	11.64
102	352	8	15.85
115	490	5	21.19
200	997	3	26.42
383	102	5	6.86
147	188	4	11.76
124	1955	3	22.69
85	108	8	4.39
133	132	29	112.73
184	205	3	12.61
243	198	5	30.39
117	684	6	34.97
2445	112	3	19.82
454	16	11	68.16
1005	105	3	11.96
258	108	5	10.38
101	326	19	65.3
305	116	3	6.74
102	1509	3	9.67
106	646	4	16.35
112	440	4	13.25
547	114	15	101.88
604	102	3	4.18
323	118	6	23.51
251	104	5	4.85
156	149	9	32.18
863	110	5	26.97
150	14	35	12.57
102	665	3	4.92
225	152	3	10.16
1117	12	4	8.47
232	59	3	5.7
929	107	6	34.77
1246	8	3	19.35
384	643	3	30.5
1146	12	3	4.73
158	533	3	17.99
983	120	4	22.92
193	184	3	11.98
178	102	27	54.02
106	214	12	37.1
582	14	11	25.52
197	134	6	19.68
2419	2411	5	97.35
2547	14	5	20.74
16	115	50	130.07
847	14	4	4.92
200	351	3	19.04
2595	1830	4	73.06
146	458	30	322.91
237	603	12	138.4
169	195	4	17.08
279	102	7	8.19
277	114	5	13.29
201	195	3	13
149	213	3	9
144	180	3	6.08
215	174	4	18.84
215	122	4	7.95
108	877	7	42.37
1337	966	8	136.26
114	113	24	18.31
114	305	3	5.89
2269	2772	5	100.32
104	6190	3	24.8
487	104	3	5.08
115	1017	3	14.77
361	109	4	10.98
222	102	15	25.49
304	114	5	14.29
1348	12	3	5.97
12	130	539	3172.99
939	177	3	24.66
1037	728	8	123.14
323	1802	3	36.25
1571	104	3	12.81
6032	14	3	17.33
105	688	5	21.69
111	1023	3	13.98
104	374	7	18.51
2872	14	6	34.66
117	2936	3	22.59
144	1142	4	30.18
102	1982	4	18.66
116	2205	4	29.79
294	144	3	10.97
354	133	6	31.64
122	190	4	6.39
102	712	9	35.5
353	104	4	6.17
118	306	3	7.1
778	108	3	11.57
601	14	6	7.73
1683	174	3	28.45
212	14	14	5.22
145	117	9	10.3
1524	12	5	16.46
1265	133	3	20.5
220	476	3	22.33
59	2774	4	35.59
108	173	6	7.3
2425	12	3	9.45
105	361	3	5.48
243	116	3	4.66
120	285	3	6.62
1128	108	3	13.97
12	783	9	27.36
147	290	3	11.79
514	230	9	91.21
123	261	5	16.24
583	101	5	10.31
85	249	4	14.78
1388	12	5	15.41
177	104	20	44.03
214	979	6	64.14
110	1873	3	17.82
9	424	3	11.72
129	1036	3	18.61
1142	564	4	51.56
522	429	3	29.45
112	124	11	5.58
625	1046	3	37.02
734	102	3	5.36
551	310	7	76.3
105	354	7	23.53
120	154	63	346.69
131	192	4	9.22
135	731	3	16.94
631	162	3	20.21
104	3198	3	18.14
176	315	3	16.7
378	125	5	23.66
247	388	5	42.49
4227	8	4	44.43
405	102	5	7.38
9	165	4	5.8
128	406	3	12.04
138	133	5	4.82
118	737	3	13.36
141	160	6	14.64
119	191	5	8.82
2554	479	3	42.22
1350	163	6	61.7
105	1579	3	15.44
103	736	5	15.49
1452	101	3	9.32
59	164	8	18.87
216	416	7	62.23
239	1578	3	31.96
422	180	3	19.23
123	132	17	39.23
131	378	3	11.81
188	117	4	5.31
548	120	4	17.03
116	1	3	4.39
111	442	3	8.34
210	12	12	5.03
515	400	9	109.43
12	204	109	533.62
6171	9	3	33.31
197	102	13	14.53
106	474	4	13.1
125	1420	4	29.44
315	103	8	16.23
117	503	3	10.6
101	2339	3	12.44
442	110	21	148.1
158	106	32	112.42
679	14	7	12.85
139	122	9	10.57
109	259	8	23.95
102	1092	5	18.35
45	12	48	97.7
101	1763	3	10.65
2058	102	3	11.83
103	229	26	82.33
2037	12	3	8.52
1056	12	4	7.96
144	404	3	13.68
102	703	4	8.93
1268	12	5	14.48
103	365	4	4.74
113	213	15	56.29
2	3395	4	37.01
466	14	8	9.85
394	226	5	40.99
109	394	4	11.88
127	1035	3	18.44
124	1227	3	19.27
1102	101	3	7.42
1417	14	4	8.75
2291	101	4	19.65
236	122	6	18.12
101	740	3	5.05
16	576	5	25.03
101	664	9	33.55
1888	12	3	7.73
154	113	10	14.65
3354	8	4	39.43
147	1006	3	20.8
116	907	3	14.58
151	421	3	15.75
106	266	5	10.59
739	14	9	22.81
2896	642	3	44.61
114	1210	3	15.23
16	561	3	11.88
367	14	7	4.51
186	152	5	18.29
135	136	13	32.3
176	600	3	21.55
611	110	3	10.51
16	1116	3	16.6
3548	14	5	28.88
102	686	5	13.33
2644	460	4	59.42
232	242	3	16.72
419	121	5	22.11
2197	12	4	14.13
116	2034	4	29.79
986	12	4	7.5
5826	12	3	18.64
102	874	3	6.39
106	439	16	98
136	420	4	19.76
12	231	44	127.98
143	271	3	9.8
102	1633	3	10.3
2460	14	5	20.74
16	156	8	13.78
116	653	3	12.3
1538	12	3	6.48
102	1122	3	7.75
6024	2733	3	63.21
137	140	17	54.26
101	460	9	24.37
101	400	5	6.88
172	160	3	8.45
12	608	5	6.61
127	285	4	14.34
159	413	4	24.42
156	1349	3	24.69
237	172	18	148.41
194	14	18	8.48
106	4404	3	24.25
161	14	27	9.93
621	122	3	12.95
208	132	11	50.95
106	3437	3	22.04
104	1760	6	38.25
543	106	6	26.26
101	1271	4	13.48
450	421	3	28.18
1894	139	3	23.63
2495	114	6	53.54
102	227	9	8.47
2401	107	3	19.24
191	133	4	9.53
604	218	3	23.92
106	1914	5	35.6
138	172	4	8.89
101	3781	3	17.34
102	2923	3	14
150	124	9	19.6
447	649	7	87.27
133	261	5	19.1
2186	14	3	7.32
299	138	8	43.57
613	16	3	12.68
258	119	9	34.52
111	3091	3	22.53
1401	12	5	15.41
107	476	3	8.33
131	278	3	9.26
812	12	6	13.53
570	514	7	85.95
120	127	11	10.74
101	3074	3	15.16
387	12	15	36.63
243	197	3	15.11
111	244	9	27.93
159	278	6	34.89
258	160	4	18.9
217	495	3	22.3
101	3839	4	29.05
156	150	3	5.07
412	114	5	18.56
234	138	3	8.1
920	1874	9	169.85
191	146	3	7.43
262	14	28	55.46
112	593	3	10.22
171	461	5	37.59
112	138	14	17.08
107	1567	3	16.64
532	112	4	14.69
621	102	3	4.35
5233	1597	3	59.31
345	159	8	56.9
101	2735	3	13.63
111	417	8	36.79
2598	113	3	21.22
85	109	11	10.86
106	4418	3	24.25
131	413	4	18.87
1216	14	6	16.46
155	117	6	6.36
123	105	75	222.64
172	119	14	46.33
146	399	6	37.73
2426	14	3	8.23
111	923	3	13.24
492	173	3	19.9
12	229	18	20.72
118	4143	3	26.45
143	153	6	13.05
117	2837	4	33.55
515	431	4	41.79
16	223	5	12.12
143	253	6	25.88
101	1040	4	11.69
3904	4807	3	67.03
171	755	3	23.08
154	1142	3	22.86
124	3087	4	39.32
1187	114	10	82.11
680	14	11	30.86
784	170	3	23.04
118	399	3	9.25
174	236	3	13.42
1422	14	4	8.75
174	357	3	17.59
120	2109	3	20.46
115	612	3	11.3
106	1415	3	15.39
962	12	3	4.08
102	664	11	47.69
122	218	3	4.65
951	102	3	6.7
122	175	4	5.39
106	142	26	55.3
136	57	6	4.6
933	12	5	10.99
175	3317	3	33.93
1081	107	8	56.05
136	287	6	28.12
217	1005	3	27.25
5983	14	3	17.33
1055	103	3	8.39
101	686	7	22.77
148	189	3	7.35
57	103	24	5.25
106	168	24	85.17
505	104	4	8.99
325	153	6	36.78
109	1204	3	14.54
386	343	4	36.74
3432	238	3	37.44
124	386	4	17.13
108	624	7	36.04
2556	9	4	36.79
318	114	8	32.12
850	121	3	14.98
108	726	7	39.18
106	5901	3	28.73
104	1600	3	12.81
104	1548	3	12.17
3142	12	3	12.1
512	108	3	8.68
102	654	4	8.33
160	152	5	14.34
245	106	5	9.52
3650	210	4	57.16
114	236	8	23.29
166	174	8	40.57
149	12	44	37.01
139	102	24	9.57
241	113	4	6.76
1469	1613	3	46.42
104	1142	3	10.18
140	1215	4	30.09
121	240	8	28.73
110	102	146	229.91
406	200	3	20.13
16	196	6	13.97
182	143	3	5.86
111	2292	4	29.46
592	176	3	21.33
197	122	4	6.94
197	174	4	17.67
168	14	63	127.54
206	1468	3	29.74
793	113	3	12.53
1024	121	6	42.38
391	458	3	27.92
1520	102	3	9.67
1649	12	4	11.95
112	289	7	23.12
102	460	12	41.21
134	140	7	10.55
587	4062	4	69.51
552	12	5	5.56
119	205	6	13.99
141	119	13	20.26
208	105	5	5.7
161	138	3	3.88
195	14	45	87.09
124	644	4	22.16
108	367	16	90.06
8	4894	3	33.32
230	248	3	16.85
105	1299	3	13.68
181	1432	3	28.24
817	12	9	28.35
145	116	19	43.87
486	310	4	37.56
191	104	9	9.92
112	544	3	9.5
191	163	3	9.74
468	102	10	30.95
106	808	9	57.75
6339	114	3	29.62
370	122	5	20.5
108	1389	3	15.44
184	108	10	22.36
401	12	10	17.27
588	142	5	31.74
112	298	7	23.49
101	1255	5	19.41
111	4023	3	24.74
141	233	6	24.13
2268	700	4	61.88
141	108	16	21.19
2198	14	3	7.32
635	101	4	7.63
1296	14	4	8.09
104	1014	3	9.78
175	1247	5	50.5
168	170	9	48.44
12	655	9	23.95
199	118	21	97.52
106	882	3	12.43
366	12	11	18.08
102	1348	6	27.99
101	488	5	8.72
188	116	7	15.3
248	104	7	10.04
472	12	12	28.91
107	388	5	16.75
618	12	6	10.2
107	524	3	8.79
1864	101	3	10.65
1230	185	4	39.09
103	3610	3	16.65
299	170	4	23.32
2466	131	3	24.65
184	119	12	38.67
133	105	16	13.78
150	138	9	24.3
9	14	103	90.84
1062	119	3	15.65
332	124	3	9.95
412	201	4	29.47
145	111	8	4.95
1589	2473	3	49.75
3055	999	3	48.95
181	3167	3	34.39
8	665	8	57.69
533	226	3	23.19
186	236	3	14.06
2440	14	3	8.23
173	106	5	4.7
535	105	5	18.07
102	2056	4	18.66
101	665	3	4.62
554	14	16	48.68
136	317	3	10.89
106	286	8	26.84
124	1226	4	28.34
101	4454	4	29.05
126	282	5	19.52
151	142	6	12.48
117	502	3	10.6
118	1199	4	24.62
222	122	3	4.84
143	224	3	7.88
304	156	3	13.61
12	147	115	277.47
102	1093	5	18.35
105	3360	3	20.83
102	957	3	7.02
263	123	3	6.99
424	109	9	42.75
111	1797	4	26.68
174	270	4	22.24
480	251	3	23.75
557	133	7	46.58
1849	121	4	29.97
2156	12	3	8.52
106	1206	5	29.79
142	1808	3	23.75
215	102	8	5.22
102	873	5	15.74
854	12	4	6.31
1228	551	3	37.38
697	5044	3	53.44
2555	226	3	35.31
339	579	3	28.33
1503	2602	6	119.58
214	1333	3	29.55
101	5635	3	21.78
237	1901	6	77.05
110	189	5	6.36
104	409	18	89.21
1231	136	3	20.76
117	563	5	24.04
117	351	9	44.18
154	404	5	31.6
4474	12	3	14.24
1599	104	3	12.81
1227	384	3	35.04
148	347	5	27.52
107	728	3	11.26
16	157	9	17.38
102	1754	4	17.44
106	335	3	5.95
154	202	3	9.17
136	12	36	6.91
148	102	79	213.55
183	484	5	39.22
102	5197	3	22.16
109	346	16	87.97
3431	14	4	18.22
246	334	8	72.18
199	1802	4	43.93
160	114	29	108.18
170	120	7	14.15
665	9	8	57.67
122	102	65	62.74
101	1982	3	11.47
101	1932	3	10.65
528	120	4	16.8
2825	12	4	17.4
118	701	4	19.86
537	184	3	21.05
247	476	3	23.57
112	510	4	14.46
165	105	7	6.06
363	203	3	19.43
799	103	7	28.21
360	16	3	8.85
178	622	5	41.96
111	173	24	92.31
85	363	4	19.78
1612	3361	3	52.58
117	997	3	15.19
117	862	3	14.48
111	2731	3	20.95
124	3299	4	39.32
101	581	8	23.93
275	119	48	391.9
12	743	7	16.7
106	897	4	19.01
12	609	5	6.61
588	101	12	47.74
935	14	4	5.64
1922	14	4	11.31
185	110	9	19.58
101	4089	3	17.34
195	269	3	15.91
285	501	3	25.71
359	202	3	19.28
180	104	11	13.71
467	12	5	4.31
3563	114	3	22.92
101	1076	6	23.86
102	1747	4	17.44
515	499	3	30.41
469	120	4	15.93
847	114	8	52.28
158	146	38	245.7
694	16	5	28.12
204	124	3	5.32
277	14	9	4.11
263	126	6	23.49
3287	104	3	18.14
115	1053	3	14.77
215	160	9	51.59
215	109	4	4.91
2468	12	3	9.45
135	332	3	11.25
124	2642	6	66.49
225	337	3	20.03
122	309	3	7.91
106	5932	3	28.73
104	1515	6	34.61
1330	110	5	32.46
167	117	11	29
1201	14	6	16.46
994	14	4	6.05
12	349	8	8.4
154	140	6	12.89
101	652	5	11.98
101	822	9	38.43
108	1471	4	24.08
1048	12	3	4.39
104	601	8	32.67
2	223	4	8.14
131	292	6	27.21
248	147	3	10.01
122	741	3	14.15
124	2333	6	60.76
4750	306	3	46.93
216	246	3	16.16
547	14	7	8.96
1530	14	6	20.08
116	6211	3	30.62
604	119	5	25.2
1771	110	5	36.35
1710	9	4	31
138	120	9	8.79
101	3719	3	17.34
384	251	6	53.47
119	548	3	11.01
3669	9	3	28.82
709	354	3	30.28
39	1179	3	25.7
141	144	19	69.06
119	218	7	19.53
185	101	21	33.21
142	1232	3	21.18
429	14	6	4.33
1409	14	4	8.75
101	566	6	14.08
105	316	5	11.98
132	815	3	17.36
85	59	12	24.46
171	1441	5	52.5
117	2359	4	31.64
85	134	5	6
213	322	3	19.15
543	146	9	70.65
108	351	3	6.36
1171	101	7	31.8
128	101	25	5.11
5670	101	3	21.78
112	113	21	11.27
102	520	11	38.91
5065	9	3	33.31
134	270	3	9.19
102	444	17	71.21
486	379	3	28.15
160	843	3	21.91
145	12	35	11.42
1188	12	3	5.1
1681	1812	5	87.87
9	112	10	4.17
3653	210	4	57.16
1463	273	3	32.98
105	1263	4	20.83
108	306	14	66.18
627	14	6	8.08
2845	14	4	15.7
862	101	4	10.29
531	105	5	17.77
1317	563	3	37.57
115	1459	3	17.25
120	167	4	3.99
999	102	3	7.02
12	903	5	10.45
106	733	6	31.36
1544	173	4	39.82
111	701	3	11.46
146	173	3	6.54
3488	12	3	12.1
2431	12	3	9.45
255	124	3	7.26
12	396	23	80.05
280	110	3	4.98
118	173	9	22.4
1533	102	3	9.67
671	167	3	21.7
666	1170	5	70.83
140	312	3	11.04
189	652	3	23.02
400	2756	3	41.03
109	206	18	68.7
1880	14	3	6.56
250	176	3	14.11
114	124	12	8.03
145	1003	3	20.05
335	14	10	9.68
1263	14	3	4.43
166	108	10	18.33
686	101	3	4.83
210	110	6	11.44
545	334	4	39.2
304	14	11	9.42
1292	14	5	12.48
2147	14	3	7.32
197	108	4	3.91
12	313	55	287.26
187	441	3	20
108	1629	3	16.68
2698	12	4	17.4
110	118	140	591.89
937	128	3	17.8
183	188	3	11.49
2195	14	4	12.47
260	138	10	53.83
102	821	4	10.34
112	989	3	13.69
152	233	13	83.68
778	102	4	9.59
112	4324	3	24.84
466	114	3	8.85
118	1574	4	27.86
437	114	6	25.33
146	244	7	34.53
2456	328	4	54.12
102	3264	3	15.53
178	249	3	14.14
1011	104	4	15.46
264	128	3	8.16
16	389	3	9.63
102	2100	4	18.66
101	681	3	4.62
311	117	3	7.2
57	13	18	66.55
1486	125	8	76.49
12	383	8	9.86
330	119	3	7.78
101	978	3	6.69
1190	14	4	7.5
222	108	8	19.73
115	1667	3	17.91
12	187	14	4.64
197	119	4	6.06
120	881	4	21.94
136	528	3	14.46
169	9	9	27.9
399	107	9	41.39
259	244	3	17.94
625	12	5	6.9
132	274	4	14.7
140	442	7	44.63
117	1285	5	34.23
339	426	4	37.51
109	274	5	12
104	1359	4	18.05
653	12	5	7.54
774	101	7	24.12
102	973	4	11.65
390	103	5	8.72
121	3815	3	27.23
171	753	4	33.28
166	119	7	12.8
139	741	3	17.36
1303	201	6	66.75
116	1442	3	17.83
216	433	5	41.27
153	148	3	4.19
317	113	5	14.93
363	546	4	40.09
110	3307	3	22.49
1058	12	7	22.4
147	120	20	54.78
142	573	5	31.05
1093	12	4	8.47
697	5350	3	53.44
137	114	9	6.03
200	1074	3	26.82
111	4938	3	29.23
1658	14	4	10.33
111	399	16	97.05
168	156	4	12.16
613	146	3	17.61
111	246	21	102.38
106	813	6	32.6
132	4344	3	29.98
903	120	4	21.94
2176	12	3	8.52
255	675	3	26.5
107	404	4	11.84
102	1484	4	15.48
12	1713	10	62.15
171	499	3	19.98
853	114	5	27.1
102	207	14	19.26
727	121	4	21.23
839	14	4	4.92
175	101	17	18.12
230	145	7	31.45
138	147	6	10.67
1426	14	6	18.71
145	183	5	15.24
176	180	9	51.64
109	2206	3	18.4
138	159	5	9.95
584	118	7	39.38
528	104	4	9.19
2351	107	3	19.24
230	161	3	11.47
140	1902	3	23.66
1614	104	3	12.81
105	386	17	94.3
106	4524	3	24.25
2	237	27	164.15
867	106	3	12.43
8	1610	3	21.15
4234	110	4	38.92
628	821	6	81.7
102	1257	3	8.62
101	445	8	19.4
10	1543	10	200.94
188	143	19	106.26
120	387	4	14.29
227	334	3	19.98
1724	14	6	21.66
254	101	19	46.63
12	802	5	9.48
172	174	18	126.26
194	114	4	4.56
981	102	3	7.02
117	1817	4	28.86
119	242	10	38.26
431	251	5	43.99
119	161	6	7.96
532	14	7	8.62
637	14	7	11.83
12	1901	3	7.73
106	1734	3	16.63
109	176	9	17.47
139	205	4	11.26
157	105	35	113.92
129	425	3	12.48
106	6066	3	28.73
149	21	4	7.53
102	2274	4	20.14
135	506	5	28.91
1787	107	3	17.38
722	12	4	5.34
2655	113	4	31.71
2727	57	3	24.47
143	140	8	15.27
101	892	3	6.07
16	171	10	28.16
102	1618	3	10.3
298	154	3	13.14
790	103	4	11.32
1125	14	6	15.5
151	117	8	11.09
101	2371	3	12.44
151	436	6	40.74
178	108	5	5.02
103	1155	3	9.2
148	118	6	4.62
57	150	8	14.75
423	167	3	18.19
479	310	4	37.34
113	116	28	34
3273	128	3	27.2
102	671	4	8.62
170	104	8	5.42
101	1966	3	11.47
2570	12	4	17.4
456	12	6	6.35
1518	101	3	9.32
109	430	3	7.93
125	227	3	6.44
115	915	3	14.02
774	202	3	24.87
925	111	3	13.24
114	200	4	4.84
8	954	3	17.58
1878	14	7	31.13
102	2277	3	12.8
118	401	3	9.25
101	3658	4	29.05
110	261	3	4.07
1541	134	5	42.51
201	1601	3	30.07
124	1566	3	21.07
163	104	15	18.52
130	249	4	12.54
125	1377	4	29.44
143	200	4	11.07
102	1833	3	11.01
847	12	4	6.31
101	1038	4	11.69
2441	12	3	9.45
12	363	30	116.09
101	836	8	31.82
173	128	5	11.54
57	85	9	14.89
101	701	6	17.54
104	285	5	6.86
101	2630	3	13.63
105	1037	3	12.34
111	753	9	58.15
1117	14	8	26.29
940	154	3	21.66
104	1449	4	18.88
3687	1725	3	54.81
162	336	4	23.04
636	123	3	14.03
105	1857	3	16.18
201	376	5	38.1
115	610	3	11.3
186	197	5	25.37
445	107	5	18.1
260	116	3	5.21
170	109	5	4.76
124	1051	6	45.4
1356	113	3	16.13
138	102	20	4.42
138	161	4	7
12	3533	4	19.95
230	159	4	16.92
150	12	29	11.18
165	174	3	9.14
198	122	4	6.98
164	145	10	38.25
107	556	4	14.43
115	1371	3	16.66
227	450	4	32.03
106	722	15	114.2
209	219	6	37.86
120	271	4	10.07
146	831	3	19.73
107	2705	4	30.71
124	1743	4	31.99
2	12	130	142.26
111	499	7	33.19
124	1954	4	33.26
111	551	7	34.51
146	967	5	40.42
1031	113	7	47.04
143	660	9	72.37
102	1320	7	34.08
107	101	107	93.55
13	152	4	9.56
733	14	6	10.21
328	145	3	12.29
1480	14	3	5.36
59	264	3	6.82
171	246	9	61.28
128	270	4	13.62
111	1181	5	30.61
338	120	4	12.83
266	102	9	11.9
180	175	3	10.57
2557	9	4	36.79
3976	113	3	25.01
2	1179	3	17.06
319	114	5	15.44
103	606	4	8.83
112	287	5	13.19
101	1242	3	8.28
101	1199	4	12.83
102	502	9	27.37
185	8	3	4.41
102	578	4	7.07
1423	14	5	13.39
119	147	9	12.17
104	1719	5	27.64
107	3772	3	24.25
941	112	3	13.33
85	147	10	29.46
4398	14	3	12.95
371	848	3	31.81
237	145	6	25.98
4158	4804	3	67.03
123	207	3	4.95
6416	28	3	60.07
147	218	4	13.86
107	142	19	30.27
102	1166	3	8.17
155	270	6	32.96
499	251	10	107.24
1071	102	6	23.66
164	161	17	100.59
12	2170	3	8.52
105	478	6	22.55
1631	14	3	5.91
714	14	5	6.5
162	796	3	21.81
129	839	3	17.18
132	1714	3	22.3
138	145	4	3.85
500	119	4	16.52
8	5013	3	33.32
435	104	3	4.45
140	274	4	15.46
101	3234	5	36.31
201	361	4	28.12
267	244	5	35.36
109	442	10	51.36
1811	113	3	18.12
491	12	6	7.32
568	122	3	12.14
372	101	6	9.04
102	758	8	30.97
114	407	5	18.34
186	182	9	53.66
135	166	7	20.29
104	3908	4	33.07
132	6026	3	34.47
164	604	3	20.26
101	618	21	121.45
154	117	11	21.99
214	173	27	237.28
167	140	8	26.6
116	1042	15	145.81
111	972	3	13.6
4172	107	3	24.25
12	2990	6	37.29
16	333	6	24.74
12	275	8	4.41
130	233	4	11.7
130	108	24	40.82
646	101	11	45.27
110	3109	3	22.49
1936	14	3	6.56
890	14	8	21.61
102	908	3	6.7
250	105	7	15.52
114	110	28	25.28
103	108	60	27.93
103	13	14	9.13
451	219	3	21.81
118	352	3	8.25
246	343	4	30.56
102	2354	3	12.8
201	116	4	5.89
139	104	16	6.88
241	111	5	9.97
736	102	3	5.36
385	137	3	12.79
557	144	13	110.55
157	206	4	15.18
805	131	5	34.05
459	112	9	45.82
893	119	18	178.12
143	436	3	13.84
1888	14	3	6.56
2265	110	3	19.69
154	110	10	13.87
116	4376	3	26.13
124	1328	4	29.1
105	864	11	75.25
124	1224	3	19.27
577	107	4	14.93
365	114	5	16.95
760	202	4	35.68
193	165	9	50.44
344	120	12	66.37
2813	107	3	20.47
101	3357	3	15.16
542	107	4	14.19
466	12	14	37.6
124	571	3	13.55
102	700	4	8.93
1222	480	3	36.49
113	315	7	25.48
1921	14	4	11.31
12	1219	7	24.74
533	180	5	39.82
101	1630	3	9.94
114	117	14	5.58
114	182	5	6.42
106	1310	7	49.22
1366	1252	4	61.74
415	136	3	13.09
201	111	4	4.48
875	118	3	14.55
241	116	4	8.01
104	1341	3	11.6
788	3273	3	47.57
151	140	4	5.56
2446	114	7	69.15
2409	102	3	12.8
679	12	6	11.47
143	117	9	9.02
8	1766	6	55.23
101	920	3	6.37
130	119	39	125.71
217	136	11	53.24
252	101	14	25.81
217	266	6	42.2
116	306	3	6.82
1604	14	3	5.91
1054	174	3	25.24
121	677	4	20.52
133	346	4	17.5
920	4228	4	74
101	350	10	22.88
198	567	3	22.29
112	12	87	15.49
101	1253	7	33.21
119	329	3	7.78
1679	14	3	5.91
129	912	5	35.45
870	101	6	20.57
119	532	6	30.17
313	174	4	24.31
230	194	4	21.44
138	189	6	19.49
261	560	4	35.99
4440	12	3	14.24
144	913	9	82.11
165	144	3	4.81
209	142	4	11.72
148	820	3	19.75
755	109	6	32.31
102	1606	3	10.3
309	579	5	51.16
1401	14	4	8.75
305	112	4	9.53
269	143	4	14.83
101	246	19	44.39
812	14	4	4.6
120	152	20	61.65
209	101	18	31.47
199	448	3	20.8
101	5043	3	21.78
1425	580	3	38.32
117	740	4	20.13
1363	155	3	24.46
39	237	7	42.52
258	120	3	5.46
314	102	9	17.04
1872	12	3	7.73
138	175	4	8.93
140	815	4	26.43
118	838	3	14.23
108	207	12	35.91
111	1441	4	24.66
115	283	4	9.68
2057	103	4	20.14
105	3829	4	36.69
3496	14	3	10.83
4282	14	3	12.95
1782	110	3	17.82
112	143	17	26.94
490	9	18	149.14
119	120	37	80.44
162	976	16	201.12
2910	12	5	25.76
543	109	4	14.4
576	309	4	38.67
101	503	6	12.74
102	1243	4	13.96
107	219	5	7.92
3366	131	3	27.47
103	1906	3	12.09
12	607	25	132.53
110	132	20	32.2
386	334	3	25.39
204	117	4	6.42
101	2353	3	12.44
101	909	5	15.74
473	12	11	24.53
103	274	6	7.05
114	126	21	32.95
388	650	4	43.39
157	228	10	59.78
2107	14	4	12.47
109	105	72	127.01
111	1644	3	17.12
662	122	4	20.25
121	1614	7	61.84
232	105	19	74
303	119	8	33.52
108	718	3	11.3
2197	14	3	7.32
106	1461	6	42.4
122	104	41	37.79
114	529	3	9.61
102	788	5	14.69
122	163	6	9.54
12	412	8	10.98
125	1323	3	20.06
143	453	3	13.98
102	1887	3	11.01
125	4124	3	29
1297	14	5	12.48
602	101	20	109.86
2115	110	3	18.68
169	455	7	56.81
165	108	8	10.94
2177	14	5	18.64
107	1129	8	56.05
12	1693	6	24.19
105	1157	3	13.19
8	3124	3	26.6
108	249	5	9.85
196	794	3	24.84
803	12	6	13.53
150	116	12	23.21
104	2025	3	14.38
184	133	3	5.32
108	1593	3	16.68
443	12	6	6.35
133	206	9	37.83
105	571	6	24.69
12	2189	3	8.52
104	673	3	7.17
716	101	3	4.83
198	108	5	6.59
131	215	5	15.52
164	275	4	21.2
4697	210	3	42.84
1914	14	4	11.31
17	122	3	13.17
120	570	5	24.23
4979	16	3	31.48
120	510	3	10.71
103	2049	3	12.92
12	604	4	3.88
111	431	9	44.58
101	2697	4	21.51
194	111	4	4.17
3489	12	3	12.1
252	251	3	17.98
576	102	8	24.33
2960	1940	3	51.75
1918	104	6	38.25
162	1775	3	27.54
128	140	9	15.67
101	3972	3	17.34
359	142	3	12.29
670	12	4	4.8
101	1275	4	13.48
1782	101	3	10.65
408	162	3	17.06
185	14	25	18.87
112	199	8	18.09
59	324	4	14.32
103	772	5	15.95
5517	101	3	21.78
117	1317	3	16.94
2451	14	4	13.89
616	126	3	14.71
106	1292	3	14.85
1501	9	4	30.05
101	1784	3	10.65
215	159	3	10.37
1187	12	3	5.1
114	137	29	73.28
12	102	662	828.82
106	527	11	62.24
103	1609	3	11.37
515	417	4	41.4
101	1022	3	7.04
1704	14	3	5.91
427	172	3	18.95
104	101	583	1611.31
190	1154	3	27.08
380	105	8	30.63
140	1511	4	32.4
393	14	7	5.46
289	143	3	10.52
325	123	3	9.33
492	564	4	43.62
410	121	3	10.1
1465	109	4	24.24
173	310	10	79.86
148	159	3	4.73
1723	139	4	33.32
2320	113	4	29.81
445	121	3	10.63
3609	121	3	25
409	85	3	14.08
12	1256	3	5.51
152	130	4	4.77
225	137	5	17.57
484	163	3	18.23
102	624	11	44.62
1574	110	4	25.55
303	174	3	16.03
246	331	4	30.13
108	654	3	10.57
358	14	14	23.66
792	805	4	52.17
394	185	3	19.1
1219	134	3	20.09
102	699	7	23.6
122	203	4	7.25
225	123	3	5.7
280	112	6	17.58
12	1229	5	14.48
1281	106	4	22.41
1602	3021	3	52.58
1163	107	3	14.37
109	398	5	17.01
515	4976	3	51.05
117	207	23	114.46
1500	104	3	12.17
253	153	6	30.78
862	675	3	36.61
104	256	19	64.14
1344	120	3	17.6
104	142	79	240.64
236	120	3	4.73
148	203	3	8.09
4409	14	3	12.95
228	143	3	8.02
143	123	8	10.1
12	145	32	7.79
2817	14	5	23.59
130	122	10	10.97
130	174	14	60.48
106	358	7	26.19
4187	2338	4	83.51
4557	114	4	39.5
169	12	17	5.9
126	422	6	32.44
242	213	4	23.51
1049	12	3	4.39
183	190	3	11.63
149	114	13	22.23
139	120	7	4.59
109	247	6	13.85
4048	3859	3	62.53
114	123	18	19.62
1675	14	9	45.61
226	776	5	49.23
103	174	12	10.99
119	338	3	7.97
359	101	17	58.2
101	4137	3	17.34
128	14	61	21.38
648	106	7	37.09
146	1748	5	48.62
171	173	7	35.17
1721	12	3	7.07
102	518	7	18.1
588	202	3	22.9
112	235	7	18
1954	379	3	38.37
237	2938	3	35.85
102	1353	3	9.12
155	140	9	26.17
527	12	7	11.04
265	108	3	3.87
759	101	3	5.28
1054	119	3	15.65
101	4876	3	21.78
364	523	6	65.24
104	823	4	13.57
4220	101	3	17.34
278	119	4	10.56
510	301	5	48.94
102	3851	3	17.71
12	1076	4	8.47
12	1024	4	7.96
955	9	3	17.57
848	114	5	27.1
101	244	21	52.37
131	188	3	5.22
1429	12	4	10.31
111	3142	4	33.98
4894	9	3	33.31
342	12	9	10.86
244	442	4	32.99
101	1363	3	8.77
313	119	7	28.48
108	308	9	34.21
4682	210	3	42.84
12	771	5	9.05
123	206	3	4.92
534	276	3	25.83
295	160	14	110.32
1775	12	3	7.73
137	116	13	18.55
102	1274	4	13.96
2193	367	3	38
888	119	9	66.72
104	948	5	20.49
111	461	17	111.6
319	138	3	11.33
162	870	3	22.45
119	146	6	4.61
220	117	5	10.94
101	4058	3	17.34
941	14	5	9.1
102	2696	3	14
128	124	7	6.25
231	119	3	4.48
5105	4979	3	71.53
101	4006	3	17.34
317	111	3	5.94
115	571	11	69.31
101	1237	4	13.48
112	116	48	98.79
234	225	3	16.19
342	57	3	9.82
313	108	6	18.54
1154	14	4	7.5
138	205	3	6.85
278	108	5	12.04
1124	14	6	15.5
105	425	4	10.87
133	228	9	40.94
133	176	3	4.91
292	133	3	9.83
1662	102	4	16.39
131	85	5	5.54
102	1590	3	10.3
107	402	3	7.27
111	755	7	40.92
105	1051	3	12.34
104	267	6	8.13
740	342	3	30.33
101	727	5	13.19
57	158	5	6.82
382	108	7	27.69
205	122	3	4.18
638	14	12	33.95
3425	14	3	10.83
3100	101	3	15.16
135	112	38	107.7
103	346	6	10.54
102	2548	4	20.14
132	1215	3	20
133	1710	3	22.31
229	102	10	11.09
1906	114	3	18.25
1035	107	3	13.51
5013	9	3	33.31
104	1357	3	11.6
114	101	49	8.52
125	134	9	13.39
113	374	6	22.71
173	429	3	19.12
143	301	16	112.89
101	936	5	15.74
103	1360	3	10.17
116	4649	4	40.83
2582	14	3	9.36
12	189	19	13.74
101	2262	4	19.65
455	173	4	28.09
117	444	4	15.38
104	590	4	10.35
183	144	7	25.38
162	1244	4	35.96
249	120	4	8.83
210	8	3	5.64
1885	12	3	7.73
101	1029	12	69.38
126	392	7	39.16
1398	14	3	4.86
110	203	7	14.34
204	101	20	36.89
1196	180	3	26.52
1096	103	3	8.78
139	203	3	6.75
333	112	4	10.68
642	210	7	69.92
374	670	3	30.37
113	539	3	9.65
307	12	8	5.95
797	109	3	11.98
125	59	13	19.56
3267	12	3	12.1
316	408	7	71.97
1916	12	3	7.73
8	953	4	25.98
102	922	4	11.19
12	1137	4	8.47
103	567	3	4.59
1139	12	8	29.63
170	242	12	88.25
122	120	20	27.34
1059	12	3	4.39
3487	14	4	18.22
591	14	10	21.87
4269	14	3	12.95
358	170	3	17.47
1274	101	3	8.28
707	14	5	6.5
124	538	19	164.39
101	3184	4	24.1
104	219	19	54.06
126	214	3	6.03
140	1442	3	22.24
1657	14	4	10.33
672	14	5	6.15
106	321	6	19.17
103	1272	5	21.84
2117	153	4	39.29
101	3079	4	24.1
309	426	5	47.65
140	2070	4	35.72
102	1362	4	14.68
102	1513	7	37.5
593	122	3	12.53
107	559	5	20.61
728	103	3	6.31
198	119	18	77.61
1189	14	4	7.5
468	203	3	21.31
544	143	3	15.11
360	103	5	7.55
985	14	5	9.66
262	110	3	4.07
2249	110	6	52.66
165	119	6	8.84
102	297	30	126.11
145	138	11	28.82
135	760	3	17.22
575	143	3	15.48
363	134	3	11.82
176	226	12	86.55
59	446	3	11.28
129	4577	4	45.29
111	1374	3	15.87
1076	1584	4	62.21
356	113	4	11.54
138	109	9	4.82
121	1851	3	20.32
150	235	3	10.26
2480	12	3	9.45
481	137	3	14.18
156	397	4	23.67
367	3487	3	41.86
981	104	3	9.41
758	12	6	12.97
161	116	14	37.57
104	1821	5	29.1
119	104	42	32.31
1590	107	3	16.64
102	552	11	40.38
1575	101	5	22.71
134	110	12	10.35
2572	1753	5	96.33
59	129	8	7.19
113	945	3	13.49
101	443	7	15.18
738	125	4	23.54
101	519	11	37.6
142	342	5	25.23
123	108	12	4.82
1310	14	3	4.43
309	173	9	69.5
101	2746	4	21.51
1289	121	4	26.33
345	161	3	15.69
455	698	6	73.61
745	102	3	5.36
1185	104	3	10.61
1641	103	3	11.37
597	101	3	3.89
85	290	7	37.86
844	131	3	17.39
331	109	5	14.82
131	470	3	13.28
8	1155	4	27.75
102	1135	4	12.71
5538	9	3	33.31
123	118	13	12.16
101	1274	7	33.21
112	200	6	10.65
101	1155	3	7.83
206	244	3	15.6
103	847	3	7.09
317	126	4	15.31
2285	127	3	24.26
1896	14	5	16.98
291	138	6	28.8
543	162	4	27.44
1247	14	4	8.09
141	146	4	4.68
119	290	3	6.65
138	119	7	4.46
105	1158	3	13.19
117	2084	3	20.34
150	182	4	12.31
143	1717	3	23.06
244	426	5	43.13
112	454	9	45.33
101	1590	3	9.94
142	1489	4	32.52
1168	155	8	82.17
198	160	14	89.05
645	179	4	32.25
705	102	3	5.13
12	857	4	6.31
292	104	4	4.21
106	707	9	54.73
121	1037	3	16.4
108	1594	5	34.2
327	110	3	6.25
825	103	3	7.09
101	3057	3	15.16
1048	14	4	6.49
106	271	4	7.48
3282	112	3	22.62
154	143	19	83.08
2106	131	3	23.64
2834	138	3	26.71
900	113	4	19.99
121	587	5	26.09
303	218	3	18.5
139	381	3	12.75
102	2576	3	14
108	712	6	30.89
6079	788	3	54.3
533	185	6	50.74
906	101	5	15.74
1963	101	3	11.47
8	819	3	16.54
101	1994	4	18.17
102	683	8	29.36
4325	14	3	12.95
235	112	5	9.86
103	189	21	43.58
114	183	11	28.99
144	101	33	27.26
277	12	8	4.54
333	114	4	11.04
216	2356	3	33.52
108	907	4	19.54
530	104	3	5.36
279	120	3	6.42
8	3567	5	55.54
12	295	14	21.05
130	134	38	164.87
1428	14	5	13.39
130	189	4	8.95
397	105	3	6.1
104	392	8	24.53
116	668	7	42.05
12	3007	3	12.1
183	340	3	17.82
158	162	11	51.36
101	922	4	10.73
111	2373	4	29.46
1292	12	3	5.51
1087	113	4	22.09
114	287	4	9.29
1880	12	3	7.73
144	142	10	24.38
115	1031	3	14.77
103	293	6	7.77
229	122	13	57.43
124	320	33	283.15
124	252	27	185.26
3641	14	3	10.83
1393	14	4	8.75
413	14	14	28.64
119	640	3	12.38
246	180	13	100.95
1246	101	3	8.28
1660	14	3	5.91
563	14	8	12.98
121	4050	3	27.23
836	133	15	150.31
273	258	4	28.2
1045	102	3	7.37
124	1222	5	38.14
126	219	5	14.9
193	112	16	55.67
116	856	16	143.55
104	214	58	305.42
120	239	5	12.43
101	297	32	135.77
2968	14	4	15.7
159	85	3	4.2
8	3669	3	28.83
535	2594	3	42.92
111	326	5	15.14
9	155	5	6.95
481	12	7	10.03
138	128	5	4.18
500	102	6	13.4
138	191	3	6.09
111	1544	5	33.65
1188	14	4	7.5
113	709	7	40.11
115	268	18	91.34
1844	103	3	12.09
101	1573	3	9.94
112	407	5	17.87
610	101	3	4.06
216	353	9	81.07
5907	14	3	17.33
1075	210	5	52.4
112	154	6	4.15
102	443	4	5.2
132	2036	4	34.91
104	1788	6	38.25
119	188	7	15.96
1442	137	3	22.13
208	118	27	144.79
302	121	9	41.84
111	379	3	7.36
514	103	3	4.02
366	112	3	7.02
147	108	10	9.8
711	890	3	36.87
131	383	3	11.92
2154	119	3	20.42
295	119	4	11.05
119	569	5	24.16
28	6430	3	60.07
332	155	3	14.41
115	255	13	55.24
206	443	7	62.23
145	124	6	6.74
103	858	6	22.74
287	105	4	6.91
435	106	5	17.85
2418	101	3	12.44
363	122	3	9.21
1982	228	3	33.1
594	103	3	4.91
262	21	3	11.25
306	14	9	5.6
1290	14	5	12.48
221	205	3	14.61
1886	14	3	6.56
400	1974	3	38.76
377	123	3	10.36
111	2940	5	43.32
239	367	3	21.29
2882	369	3	40.27
110	862	9	61.47
538	8	4	20.03
370	120	3	8.61
2	200	4	6.78
214	619	3	24
133	118	66	291.41
327	126	4	15.82
203	343	4	27.83
213	274	3	17.51
177	109	13	34.03
1658	12	3	7.07
116	173	14	45.06
549	970	3	35.58
4336	201	4	56.4
411	103	4	5.77
383	147	3	14.21
137	117	27	74.77
102	1335	6	27.99
111	2805	4	31.36
12	2117	8	49.72
281	127	3	8.97
102	464	5	8.56
112	117	47	98.37
180	128	3	4.67
111	1168	4	22.37
148	3507	3	29.86
118	1008	3	15.65
114	167	6	7.57
102	1022	5	17.62
12	1541	11	68.37
901	107	5	26.23
103	102	144	35.55
166	120	5	6.49
263	113	7	20.56
124	331	29	240.87
516	14	7	8.62
149	156	5	12.41
357	154	6	38.21
169	123	5	9.28
3443	14	3	10.83
101	2141	4	18.17
101	2217	3	11.47
116	727	9	61.29
1190	12	4	9.02
115	1790	4	27.75
130	102	82	162.93
785	160	3	21.3
103	1256	3	9.66
365	14	18	40.09
108	2008	3	18.28
101	2577	3	13.63
126	101	140	385.36
725	14	4	4.03
290	143	3	10.52
124	526	12	88.27
1441	14	3	5.36
113	270	6	16.91
268	1344	3	31.73
303	102	7	9.38
109	485	3	8.49
105	1715	5	32.11
111	2086	6	49.5
117	1390	5	35.24
135	252	3	8.39
102	602	11	43.69
3620	14	3	10.83
1334	1200	4	61.04
1415	14	6	18.71
158	384	5	32.04
126	256	3	7.58
126	142	18	52.24
8	3253	3	26.6
117	293	14	73.12
117	59	11	7.11
104	422	9	30.97
123	2594	3	24.36
110	247	5	10.33
1125	12	7	23.51
146	515	5	32.39
1702	199	3	29.99
163	106	7	7.41
16	39	23	99.83
107	663	6	30.25
102	1615	4	16.39
135	405	4	19.25
125	122	24	56.95
114	143	8	4.64
2171	107	3	18.23
118	515	6	30.16
146	1228	3	22.56
237	1884	3	32.72
532	12	14	41.83
185	9	12	47.71
388	276	4	34.19
2967	343	4	56.61
112	272	3	4.78
637	12	5	7.21
103	719	3	6.31
128	138	12	26.54
161	117	7	10.85
1000	14	4	6.05
2109	14	4	12.47
4615	14	3	12.95
101	2747	3	13.63
597	123	3	13.59
124	1960	5	44.84
127	14	58	16.32
105	268	10	30.61
865	1055	4	55.52
310	116	3	6.98
147	191	3	7.45
101	339	12	30.9
102	1514	4	15.48
164	150	3	6.17
142	238	4	13.34
221	160	4	16.86
387	112	5	17.45
105	525	18	117.12
111	1578	3	17.12
129	628	3	15.3
9	127	6	4.09
414	153	3	15.88
102	244	9	10.03
106	1928	3	17.37
178	104	12	16.07
136	170	4	8.48
101	835	6	19.89
2134	14	3	7.32
101	700	5	12.76
102	2087	3	11.83
269	644	3	26.72
553	241	3	24.15
160	110	6	5.19
186	198	7	40.38
892	2660	3	46.63
517	813	3	33.83
1727	144	5	45.57
1985	9	6	57.66
1497	107	3	15.98
578	107	18	130.66
358	114	4	11.7
195	899	3	25.45
174	406	6	45.86
111	2023	3	18.72
680	12	10	29.87
1665	12	5	17.67
1337	921	8	135.04
129	361	7	38.25
117	1122	4	23.89
108	892	3	12.48
312	104	4	4.89
114	199	5	7.73
8	955	6	44.67
828	103	3	7.09
103	1526	4	16.93
12	279	9	6.46
883	124	4	24.88
110	312	7	24.39
242	116	3	4.62
132	173	7	21.63
104	541	9	35.93
131	4377	4	45.59
124	1565	3	21.07
137	267	5	20.07
102	1253	5	20.02
188	153	7	30.68
123	102	68	85.5
111	498	6	26.14
133	597	4	22.88
217	168	3	12.08
1686	14	6	21.66
12	4636	4	24.86
106	2182	3	18.23
247	1433	3	31.64
709	425	5	58.63
446	215	4	31.24
231	134	3	7.52
802	141	4	26.51
446	172	4	28.05
1207	156	4	34.16
119	231	5	11.79
119	106	20	12.99
102	350	12	33.13
102	410	14	49.22
541	85	4	23.41
2087	12	4	14.13
59	135	14	27.13
1194	102	3	8.17
2038	169	5	56.66
191	144	6	20.86
101	1470	3	9.32
135	766	4	25.42
133	1458	4	31.61
102	4966	3	22.16
156	203	3	9.51
141	532	3	14.85
150	101	19	9.19
105	526	4	12.45
159	16	6	8.04
387	14	16	35
127	409	5	25.23
4093	2407	4	83.51
782	14	7	14.64
39	115	8	15.19
12	2154	3	8.52
102	1575	5	23.33
2084	107	4	27.29
129	3282	3	27.25
221	102	8	5.79
106	2526	3	19.24
21	57	7	11.53
116	485	8	42.94
105	435	9	39.61
271	153	3	12.18
531	118	8	45.22
3567	9	5	55.53
396	119	29	237.56
103	1764	8	55.89
5967	14	3	17.33
544	154	3	17.64
106	674	3	10.75
12	1041	6	17.03
120	224	11	41.6
198	134	20	114.37
377	117	3	8.72
107	392	6	22.27
176	334	9	72.34
103	1070	4	13.56
3349	614	4	65.1
363	119	3	8.46
165	134	4	7.14
165	189	3	9.99
101	1497	4	15
313	102	5	4.71
764	121	3	14.38
1750	109	3	17.55
737	312	4	41.65
1137	102	3	7.75
116	1558	5	35.96
706	111	3	11.46
119	247	4	8.71
175	356	47	607.13
128	114	58	204.74
195	12	26	33.77
418	104	3	4.22
323	448	3	26.27
103	665	3	5.86
59	217	24	137.26
1233	101	3	8.28
121	5285	3	31.71
102	503	8	22.38
552	14	5	4.02
147	174	4	10.78
227	180	6	35.09
147	122	41	180.36
1180	123	3	18.2
4277	14	3	12.95
102	1165	3	8.17
2442	14	4	13.89
101	2665	3	13.63
168	12	26	22.06
210	9	13	60.3
106	495	6	25.19
136	592	4	22.93
130	160	19	81.98
101	4331	3	17.34
1196	185	3	26.79
781	101	4	9.15
118	1322	3	17.55
110	105	101	248.07
149	14	61	62.11
1197	14	4	7.5
1870	101	3	10.65
120	3604	3	24.28
109	132	101	470.13
2453	12	3	9.45
1585	12	3	7.07
114	155	12	21.94
102	909	7	28.21
114	111	37	48.98
114	235	6	14.28
115	1015	3	14.77
428	114	12	68.11
102	833	3	6.11
122	188	4	6.24
122	133	8	6.98
104	3757	3	20.34
12	1138	4	8.47
101	3279	3	15.16
244	2293	3	34.78
1302	14	6	17.52
105	1809	4	24.43
232	132	15	84.83
1333	14	3	4.86
111	651	6	30.68
488	136	3	14.12
193	221	3	13.98
101	788	7	24.85
403	12	10	17.27
101	737	3	5.05
2378	5667	3	61.97
154	116	16	41.52
766	12	8	22.16
149	124	8	15.12
149	170	23	144.29
585	103	3	4.75
2156	14	3	7.32
109	261	30	173.73
114	116	17	9.64
414	931	5	61.44
103	118	34	8.72
143	116	20	44.52
2222	5098	3	61.97
118	4046	3	26.45
102	1648	3	10.3
3610	156	3	31.43
672	125	7	48.67
289	110	4	8.88
1118	14	4	6.97
796	101	3	5.53
554	12	9	19.46
6419	114	3	29.62
294	133	7	34.81
101	2088	3	11.47
205	109	6	10.53
102	836	5	15.2
589	12	5	6.33
113	140	26	60.35
108	753	3	11.57
394	180	3	18.82
1755	101	5	24.16
12	1728	8	39.89
874	103	3	7.39
112	496	3	9.01
152	625	9	78.15
628	3354	4	65.41
9	12	68	40.92
121	1639	7	61.84
407	116	3	8.96
4605	102	3	17.71
108	1572	4	25.02
105	492	14	79.89
105	408	3	6.33
147	414	3	14.72
221	134	4	11.63
472	14	8	10.19
209	214	5	29.37
120	357	6	24.87
366	14	16	31.76
4588	103	4	31.06
1876	145	3	24.4
102	1351	4	14.68
682	210	8	84.03
580	2810	4	61.59
381	109	3	7.08
168	57	5	9.3
111	384	15	87.14
2126	114	4	28.47
247	137	18	116.17
507	104	3	5.22
1534	150	3	24.45
857	102	5	15.2
220	167	3	12.04
105	1581	3	15.44
231	102	11	14.12
3549	14	3	10.83
134	183	4	9.07
134	136	8	13.06
108	2650	3	20.52
2319	101	5	28.04
272	106	3	4.31
768	14	14	52.96
112	101	59	16.88
13	115	11	21.57
5315	1631	3	59.31
101	1320	3	8.28
108	566	4	14.73
648	146	4	26.54
562	154	13	121.18
119	281	3	6.44
1922	12	3	7.73
935	12	7	20.45
1269	12	3	5.51
101	578	5	10.31
101	502	8	21.46
107	220	4	4.98
132	2396	3	24.94
514	150	3	16.79
133	394	3	12.45
208	1458	4	42.56
12	4635	4	24.86
104	865	6	26.33
678	14	6	9.28
135	3258	3	27.91
1	57	13	63.05
198	102	20	36.79
107	422	5	17.39
120	153	82	499.42
634	121	3	13.12
12	995	3	4.08
12	1071	5	12.2
8	247	3	7.07
102	177	22	35.83
486	121	3	11.23
165	102	18	17.3
584	105	6	25.09
138	122	8	7.93
156	131	4	5.31
313	134	6	29.52
1488	14	3	5.36
208	597	3	23.46
129	613	4	22.49
160	117	5	4.99
595	432	4	43.39
170	119	6	10.49
225	127	6	20.97
143	1212	4	30.29
111	3290	3	22.53
102	618	3	4.35
102	684	10	41.99
190	400	4	28.41
1458	107	5	32.84
219	238	7	49.51
118	326	4	12.51
290	116	3	6.38
1553	102	3	9.67
105	911	3	11.6
136	14	42	6.14
805	230	3	26.53
102	2006	4	18.66
143	452	6	36.56
148	105	29	69.27
164	848	5	43.38
101	834	7	25.63
340	117	3	7.99
2853	101	4	21.51
12	108	165	129.21
16	234	8	27.73
101	908	8	33.9
3337	110	3	22.49
545	180	8	72.63
3566	167	3	33.27
735	102	4	9.25
264	349	3	21.92
124	1568	4	30.9
105	759	3	10.38
511	113	3	9.32
111	979	3	13.6
124	1432	5	40.29
139	188	4	9.94
157	118	5	4.41
277	111	3	4.95
140	352	10	65.18
219	343	5	38.49
2171	121	3	21.18
784	12	9	27.36
106	1207	5	29.79
235	14	14	8.18
136	1313	3	20.76
114	273	3	5.08
