7536	1
6153	2
4837	3
9944	4
8972	5
6374	6
3550	7
5661	8
3376	9
1447	10
3217	11
597	12
2138	13
2342	14
5871	15
4113	16
9662	17
6715	18
9636	19
2878	20
7279	21
8813	22
4965	23
7203	24
5680	25
29	26
4587	27
1025	28
8874	29
6266	30
7951	31
8334	32
8973	33
8524	34
4022	35
237	36
4843	37
3772	38
6503	39
7270	40
3717	41
6027	42
9057	43
6595	44
3131	45
6292	46
8170	47
3520	48
2715	49
915	50
6793	51
1168	52
872	53
4675	54
3674	55
7655	56
6610	57
2132	58
4104	59
7444	60
5214	61
526	62
7633	63
6086	64
4308	65
1201	66
4493	67
8767	68
2148	69
8235	70
5073	71
9145	72
4913	73
8597	74
7123	75
5790	76
9923	77
537	78
36	79
5215	80
4702	81
6495	82
7853	83
1600	84
5947	85
4700	86
919	87
4813	88
1618	89
3629	90
1390	91
2422	92
4349	93
2987	94
6586	95
5431	96
5277	97
5632	98
3477	99
7301	100
5611	101
3075	102
8795	103
2152	104
6318	105
7870	106
3185	107
9102	108
3482	109
6445	110
6657	111
8995	112
8213	113
5772	114
7271	115
4790	116
8404	117
2006	118
7077	119
8203	120
4983	121
9651	122
9489	123
2572	124
5323	125
5037	126
6952	127
2781	128
1875	129
5719	130
7708	131
3836	132
9333	133
3751	134
5424	135
1565	136
9397	137
2306	138
5803	139
3490	140
4347	141
514	142
5248	143
6925	144
3859	145
464	146
2656	147
2999	148
1257	149
4671	150
3134	151
4346	152
3606	153
453	154
5936	155
5850	156
604	157
2839	158
4563	159
7903	160
3827	161
5968	162
6196	163
2805	164
2047	165
9645	166
1690	167
5961	168
3997	169
51	170
8975	171
4752	172
583	173
172	174
5340	175
1380	176
8092	177
6228	178
6617	179
8954	180
9709	181
881	182
7114	183
1178	184
4680	185
4367	186
4391	187
4066	188
3474	189
4074	190
4	191
8948	192
3946	193
8181	194
9244	195
3771	196
8299	197
4404	198
1150	199
455	200
3671	201
5199	202
3534	203
8728	204
182	205
1629	206
2812	207
9235	208
6224	209
5384	210
5401	211
4782	212
9369	213
8411	214
8925	215
7452	216
703	217
2356	218
9127	219
322	220
1126	221
7350	222
5573	223
4746	224
1095	225
2613	226
443	227
6416	228
5883	229
8613	230
5018	231
6381	232
2655	233
7041	234
3662	235
550	236
9297	237
7105	238
5814	239
1672	240
6	241
8799	242
9257	243
2158	244
5806	245
684	246
2125	247
655	248
8558	249
2286	250
4771	251
6031	252
9459	253
3708	254
6072	255
2226	256
2681	257
2554	258
8359	259
598	260
1704	261
3074	262
9104	263
4611	264
4517	265
5406	266
8110	267
4468	268
5021	269
8262	270
1545	271
8792	272
8952	273
2586	274
95	275
2289	276
8000	277
4883	278
3053	279
8940	280
3462	281
5034	282
9122	283
4863	284
6573	285
22	286
1815	287
5002	288
3388	289
6575	290
6310	291
1453	292
8041	293
417	294
7640	295
6964	296
8756	297
3293	298
9719	299
5024	300
6636	301
6043	302
6661	303
1705	304
6819	305
2021	306
955	307
6961	308
7337	309
4620	310
9947	311
3916	312
3627	313
6440	314
2140	315
2347	316
489	317
9009	318
8997	319
4694	320
1323	321
7287	322
2312	323
3405	324
6174	325
9154	326
2874	327
570	328
4003	329
9080	330
1719	331
6673	332
6183	333
8344	334
8206	335
1019	336
3524	337
7307	338
6405	339
3790	340
7749	341
8691	342
1490	343
3883	344
539	345
9569	346
292	347
1011	348
5275	349
513	350
5859	351
1910	352
5678	353
8907	354
6708	355
7222	356
9770	357
1979	358
3168	359
5887	360
4500	361
8955	362
2573	363
639	364
5470	365
9123	366
7658	367
6465	368
6048	369
6815	370
880	371
3051	372
9798	373
1139	374
3240	375
6584	376
3143	377
70	378
3974	379
2629	380
9335	381
1280	382
7137	383
2444	384
4255	385
6298	386
8059	387
8577	388
8073	389
8403	390
9467	391
1418	392
1053	393
8476	394
2133	395
3224	396
469	397
3551	398
7121	399
4120	400
9357	401
8672	402
913	403
3778	404
4890	405
3459	406
1724	407
9890	408
2871	409
2036	410
3724	411
4699	412
9713	413
9910	414
9225	415
3034	416
7419	417
946	418
5138	419
2538	420
6805	421
7366	422
8540	423
204	424
7612	425
2795	426
6414	427
4144	428
2415	429
3656	430
3200	431
6896	432
6166	433
9146	434
1271	435
8667	436
6833	437
7717	438
9217	439
445	440
3236	441
6282	442
5163	443
1258	444
4260	445
8700	446
1474	447
7541	448
1120	449
1990	450
9891	451
2400	452
7987	453
486	454
3044	455
142	456
3187	457
3484	458
1988	459
4406	460
8930	461
1303	462
7379	463
8732	464
7394	465
4619	466
7291	467
8225	468
6528	469
4603	470
3251	471
1156	472
7910	473
422	474
519	475
867	476
5757	477
4558	478
9126	479
9637	480
9362	481
808	482
9580	483
7492	484
4262	485
5792	486
3645	487
9505	488
2149	489
2348	490
84	491
6150	492
1718	493
61	494
5889	495
5419	496
2735	497
7311	498
7639	499
1994	500
4655	501
611	502
4632	503
5046	504
8074	505
5461	506
4848	507
5060	508
4032	509
3344	510
7979	511
494	512
9894	513
4100	514
1643	515
1090	516
2442	517
3860	518
5921	519
9053	520
9739	521
7002	522
3850	523
2193	524
5923	525
2386	526
1621	527
1346	528
1938	529
5197	530
3164	531
8811	532
108	533
1678	534
2053	535
9866	536
1441	537
7352	538
9395	539
9510	540
8897	541
141	542
1738	543
9919	544
2711	545
106	546
8006	547
2950	548
8177	549
8180	550
6698	551
8385	552
7819	553
6659	554
4949	555
2755	556
6216	557
1335	558
9611	559
6733	560
9287	561
1836	562
1918	563
2775	564
2171	565
5059	566
4831	567
7127	568
3381	569
4634	570
7947	571
9835	572
9026	573
4432	574
9837	575
6671	576
272	577
4062	578
6235	579
1555	580
3796	581
4941	582
2278	583
3092	584
9466	585
6236	586
3314	587
7392	588
2591	589
13	590
6377	591
4872	592
1780	593
3465	594
1841	595
2570	596
1683	597
1459	598
3362	599
2102	600
3543	601
4621	602
3519	603
4394	604
1062	605
7775	606
7004	607
2079	608
1827	609
7481	610
4042	611
5576	612
4531	613
1248	614
9524	615
9095	616
5869	617
6001	618
6919	619
9118	620
6855	621
8976	622
6000	623
730	624
1739	625
5278	626
7667	627
6123	628
9049	629
3856	630
4940	631
6151	632
9439	633
1693	634
3125	635
7637	636
1593	637
6295	638
5784	639
509	640
7168	641
9768	642
7126	643
7159	644
1765	645
8019	646
19	647
757	648
7808	649
1554	650
9368	651
9721	652
6340	653
6838	654
6370	655
6738	656
7857	657
8830	658
2645	659
8012	660
8069	661
3066	662
1057	663
1674	664
2456	665
5418	666
4421	667
1274	668
5984	669
2533	670
3610	671
2368	672
8605	673
6918	674
807	675
6536	676
4373	677
9538	678
4821	679
3924	680
4850	681
576	682
6991	683
5339	684
8961	685
675	686
5606	687
2705	688
5203	689
3925	690
7833	691
4259	692
3395	693
6848	694
8046	695
4846	696
2569	697
5307	698
2674	699
16	700
4362	701
7511	702
3728	703
7544	704
9255	705
7888	706
7201	707
4369	708
9623	709
6201	710
3486	711
6960	712
8278	713
254	714
699	715
4556	716
1818	717
2947	718
2108	719
727	720
4446	721
5802	722
3640	723
6796	724
1961	725
7499	726
2210	727
3871	728
8987	729
7615	730
8839	731
6999	732
1974	733
6338	734
475	735
9605	736
6322	737
5116	738
5180	739
3991	740
6316	741
351	742
1585	743
6731	744
170	745
4392	746
6129	747
3829	748
8255	749
2088	750
5230	751
2996	752
8541	753
5565	754
5773	755
3424	756
1121	757
7664	758
774	759
4716	760
1874	761
5973	762
8602	763
5223	764
7707	765
4545	766
8639	767
6262	768
9582	769
4172	770
2797	771
6141	772
4160	773
1609	774
3552	775
5025	776
6130	777
5884	778
8876	779
6336	780
6726	781
643	782
2189	783
3807	784
932	785
4577	786
6378	787
1833	788
8171	789
8718	790
1684	791
128	792
11	793
7991	794
942	795
8893	796
7078	797
4127	798
7282	799
7318	800
8538	801
9241	802
7721	803
9186	804
13	805
9005	806
2346	807
9556	808
2165	809
151	810
5270	811
7869	812
763	813
646	814
6687	815
232	816
716	817
5119	818
6934	819
6763	820
2687	821
8713	822
269	823
3067	824
9606	825
6219	826
4179	827
9006	828
6576	829
8532	830
8238	831
7713	832
3012	833
3607	834
6181	835
174	836
8236	837
9003	838
9232	839
9714	840
8356	841
8004	842
6402	843
2901	844
2618	845
4414	846
9401	847
814	848
8503	849
8316	850
1002	851
712	852
7669	853
871	854
9601	855
595	856
3669	857
8252	858
1753	859
1382	860
8319	861
9595	862
3602	863
5691	864
7810	865
3821	866
1637	867
1342	868
8348	869
6620	870
7071	871
7962	872
6156	873
7547	874
6320	875
4907	876
8850	877
3050	878
26	879
3022	880
7225	881
6543	882
4010	883
1462	884
8159	885
313	886
9278	887
7252	888
8731	889
8493	890
1568	891
6982	892
6016	893
8989	894
6077	895
9725	896
6976	897
2603	898
9383	899
8338	900
1879	901
4759	902
1403	903
5637	904
9943	905
4045	906
7088	907
358	908
2315	909
9002	910
9748	911
3518	912
564	913
2857	914
2459	915
6998	916
7139	917
7092	918
6448	919
5085	920
6189	921
4538	922
9904	923
7735	924
5374	925
7261	926
306	927
10	928
50	929
3268	930
7608	931
8011	932
7326	933
566	934
1483	935
4118	936
477	937
818	938
9537	939
6827	940
2052	941
345	942
973	943
5035	944
8670	945
8595	946
4855	947
7768	948
6442	949
1949	950
2473	951
9793	952
3466	953
7278	954
3353	955
747	956
8512	957
555	958
1294	959
6137	960
9796	961
740	962
1003	963
7746	964
449	965
3099	966
1312	967
6	968
1750	969
722	970
6956	971
8296	972
2862	973
6068	974
3581	975
5717	976
2582	977
163	978
2216	979
1167	980
6941	981
4390	982
3246	983
6852	984
4092	985
274	986
1574	987
2939	988
156	989
4378	990
3731	991
7860	992
2041	993
5587	994
5023	995
9462	996
303	997
4996	998
2556	999
5949	1000
985	1001
6987	1002
7774	1003
7585	1004
6021	1005
6705	1006
3895	1007
121	1008
8026	1009
7861	1010
8725	1011
7018	1012
4377	1013
6158	1014
1857	1015
2162	1016
8439	1017
8312	1018
6674	1019
6549	1020
1898	1021
493	1022
4939	1023
2241	1024
5745	1025
580	1026
1646	1027
5194	1028
8186	1029
3382	1030
335	1031
8721	1032
2908	1033
2604	1034
626	1035
1725	1036
8959	1037
7297	1038
2975	1039
5099	1040
7516	1041
7974	1042
7153	1043
1352	1044
4955	1045
1252	1046
6375	1047
2434	1048
4809	1049
4428	1050
6095	1051
1681	1052
8388	1053
2712	1054
4631	1055
9309	1056
7460	1057
9733	1058
4485	1059
704	1060
1446	1061
4086	1062
4967	1063
9260	1064
6011	1065
386	1066
8878	1067
787	1068
9839	1069
7116	1070
938	1071
2931	1072
8098	1073
6317	1074
9842	1075
695	1076
1499	1077
8032	1078
2767	1079
6887	1080
776	1081
2885	1082
2500	1083
591	1084
5082	1085
7369	1086
98	1087
9262	1088
1561	1089
2577	1090
5499	1091
8121	1092
2397	1093
1899	1094
8687	1095
7006	1096
3585	1097
3996	1098
4350	1099
8088	1100
8508	1101
5031	1102
5077	1103
6803	1104
8809	1105
1229	1106
9921	1107
3912	1108
9219	1109
3027	1110
4588	1111
9138	1112
8679	1113
8109	1114
9597	1115
4186	1116
1613	1117
2495	1118
5072	1119
4305	1120
7509	1121
5047	1122
7177	1123
1143	1124
2357	1125
193	1126
3572	1127
1904	1128
6724	1129
4893	1130
4155	1131
7046	1132
9292	1133
4017	1134
7723	1135
725	1136
5532	1137
3149	1138
8247	1139
6185	1140
1732	1141
7577	1142
7160	1143
203	1144
1526	1145
7286	1146
746	1147
1957	1148
8709	1149
1028	1150
4730	1151
629	1152
8979	1153
9696	1154
5280	1155
1562	1156
7412	1157
3964	1158
8757	1159
9238	1160
7257	1161
5583	1162
2646	1163
2403	1164
9641	1165
1058	1166
5999	1167
8803	1168
8537	1169
2438	1170
6562	1171
8927	1172
9365	1173
32	1174
4783	1175
9010	1176
8478	1177
6546	1178
6933	1179
1135	1180
3845	1181
5314	1182
8769	1183
6251	1184
688	1185
4839	1186
1936	1187
3537	1188
9129	1189
3579	1190
6969	1191
1742	1192
3005	1193
1272	1194
3100	1195
5692	1196
256	1197
3785	1198
4801	1199
3558	1200
7390	1201
5032	1202
9176	1203
9285	1204
6211	1205
3864	1206
1383	1207
1996	1208
3264	1209
7526	1210
4455	1211
8009	1212
5250	1213
7818	1214
389	1215
5676	1216
8977	1217
1435	1218
8444	1219
5502	1220
6973	1221
1220	1222
3761	1223
7682	1224
6913	1225
2186	1226
1892	1227
7012	1228
3938	1229
4862	1230
3096	1231
5687	1232
7985	1233
484	1234
2113	1235
953	1236
1254	1237
7051	1238
4569	1239
8530	1240
2461	1241
4799	1242
2632	1243
2204	1244
8129	1245
2676	1246
2875	1247
2084	1248
5105	1249
9271	1250
8492	1251
5335	1252
8610	1253
7546	1254
1329	1255
6917	1256
4178	1257
3814	1258
6098	1259
3360	1260
9666	1261
9622	1262
6642	1263
5048	1264
8113	1265
7300	1266
1127	1267
2664	1268
1933	1269
4622	1270
186	1271
9220	1272
7594	1273
1372	1274
8910	1275
7606	1276
9282	1277
133	1278
6026	1279
8584	1280
7533	1281
5986	1282
1234	1283
5817	1284
4363	1285
3810	1286
8802	1287
3682	1288
3189	1289
8982	1290
8332	1291
8188	1292
5625	1293
9162	1294
3464	1295
1905	1296
7965	1297
8607	1298
5621	1299
1667	1300
897	1301
1799	1302
1235	1303
2255	1304
1570	1305
7095	1306
5913	1307
5432	1308
8729	1309
1527	1310
6279	1311
962	1312
3285	1313
3049	1314
665	1315
1319	1316
1670	1317
3117	1318
2093	1319
7429	1320
3564	1321
9534	1322
7466	1323
4847	1324
4359	1325
4763	1326
893	1327
9599	1328
4095	1329
6518	1330
4076	1331
6350	1332
8381	1333
191	1334
7837	1335
3060	1336
8563	1337
9150	1338
219	1339
3028	1340
6691	1341
8617	1342
7626	1343
9173	1344
6744	1345
1137	1346
887	1347
1912	1348
5754	1349
93	1350
7627	1351
6900	1352
2818	1353
9089	1354
9806	1355
8276	1356
8847	1357
1281	1358
7451	1359
5670	1360
2691	1361
209	1362
3265	1363
7996	1364
1376	1365
721	1366
9133	1367
771	1368
6425	1369
9185	1370
1261	1371
1355	1372
8267	1373
6114	1374
1500	1375
5128	1376
146	1377
2268	1378
717	1379
4386	1380
1881	1381
3878	1382
3331	1383
3605	1384
9649	1385
4449	1386
6905	1387
5135	1388
8080	1389
7893	1390
4238	1391
7761	1392
8615	1393
7380	1394
5473	1395
8362	1396
5078	1397
5966	1398
2882	1399
9212	1400
5337	1401
7580	1402
4735	1403
6339	1404
6087	1405
491	1406
6743	1407
1537	1408
1311	1409
7983	1410
2487	1411
9198	1412
4175	1413
5338	1414
8550	1415
6824	1416
661	1417
6566	1418
650	1419
4038	1420
7558	1421
441	1422
4766	1423
622	1424
3140	1425
7155	1426
6996	1427
8325	1428
290	1429
3526	1430
220	1431
192	1432
5102	1433
314	1434
3576	1435
7609	1436
4452	1437
2300	1438
1830	1439
4968	1440
244	1441
3573	1442
1549	1443
6364	1444
6710	1445
6935	1446
2976	1447
6801	1448
1077	1449
6768	1450
3792	1451
5071	1452
3065	1453
5992	1454
954	1455
8215	1456
5631	1457
3750	1458
2594	1459
3325	1460
6920	1461
3021	1462
1295	1463
48	1464
6012	1465
579	1466
3623	1467
4724	1468
5330	1469
7804	1470
4114	1471
2836	1472
7310	1473
5030	1474
9751	1475
2310	1476
2187	1477
5252	1478
1984	1479
6084	1480
5341	1481
4998	1482
6669	1483
1004	1484
719	1485
7619	1486
6376	1487
8211	1488
9289	1489
8428	1490
6110	1491
599	1492
7549	1493
854	1494
9604	1495
3127	1496
8454	1497
508	1498
1185	1499
2559	1500
5906	1501
7101	1502
4117	1503
4765	1504
4639	1505
2765	1506
1157	1507
2044	1508
9174	1509
7427	1510
1100	1511
9033	1512
1802	1513
3373	1514
2704	1515
7530	1516
8145	1517
3101	1518
369	1519
9554	1520
6557	1521
8365	1522
994	1523
1031	1524
581	1525
1410	1526
8501	1527
9877	1528
487	1529
9411	1530
6284	1531
9100	1532
6953	1533
2265	1534
1484	1535
1813	1536
673	1537
8261	1538
1809	1539
770	1540
7433	1541
5137	1542
1584	1543
828	1544
1256	1545
7298	1546
4258	1547
5319	1548
9153	1549
5124	1550
119	1551
2860	1552
630	1553
4189	1554
1457	1555
5978	1556
6679	1557
364	1558
2383	1559
9269	1560
3757	1561
6466	1562
1964	1563
7375	1564
7880	1565
5683	1566
4505	1567
3604	1568
100	1569
8324	1570
3223	1571
2002	1572
4462	1573
4816	1574
6107	1575
3317	1576
8890	1577
623	1578
1891	1579
1720	1580
1943	1581
653	1582
9911	1583
7600	1584
7372	1585
7293	1586
2685	1587
8270	1588
8190	1589
9481	1590
1624	1591
6222	1592
5164	1593
1626	1594
5175	1595
7525	1596
6313	1597
4982	1598
3746	1599
1104	1600
3083	1601
5364	1602
2848	1603
9171	1604
4501	1605
9163	1606
1756	1607
3361	1608
7668	1609
414	1610
9039	1611
5568	1612
2426	1613
4635	1614
4734	1615
1887	1616
2367	1617
2279	1618
1934	1619
4959	1620
8446	1621
9515	1622
1320	1623
6903	1624
2532	1625
4384	1626
4957	1627
2746	1628
2146	1629
8424	1630
2525	1631
8832	1632
4546	1633
8596	1634
3939	1635
4605	1636
2605	1637
4345	1638
2489	1639
1213	1640
5182	1641
5779	1642
6947	1643
5395	1644
3824	1645
4660	1646
347	1647
3875	1648
356	1649
7063	1650
1467	1651
6081	1652
4956	1653
1360	1654
8589	1655
6066	1656
457	1657
9726	1658
7855	1659
5452	1660
6078	1661
9356	1662
1216	1663
6762	1664
4838	1665
5084	1666
2412	1667
5722	1668
8142	1669
9673	1670
9565	1671
965	1672
2693	1673
989	1674
8681	1675
7232	1676
361	1677
6149	1678
2706	1679
9743	1680
3119	1681
1970	1682
6500	1683
1876	1684
8200	1685
5204	1686
8078	1687
6467	1688
8546	1689
9293	1690
5610	1691
5126	1692
2991	1693
3400	1694
7150	1695
9426	1696
900	1697
5200	1698
8430	1699
5467	1700
3161	1701
5361	1702
1550	1703
5723	1704
6555	1705
4758	1706
2243	1707
373	1708
6327	1709
6491	1710
8284	1711
7096	1712
3659	1713
1726	1714
4431	1715
7634	1716
7156	1717
85	1718
4503	1719
2698	1720
1379	1721
2758	1722
2440	1723
5742	1724
9179	1725
3399	1726
9484	1727
3308	1728
9655	1729
2482	1730
9438	1731
4108	1732
2943	1733
1486	1734
8474	1735
4770	1736
6948	1737
7567	1738
8857	1739
7909	1740
7611	1741
5828	1742
9304	1743
5392	1744
4073	1745
1210	1746
6202	1747
2890	1748
5425	1749
3805	1750
5550	1751
5794	1752
8936	1753
3488	1754
3112	1755
2058	1756
7357	1757
917	1758
6653	1759
3642	1760
1510	1761
4697	1762
3170	1763
5492	1764
7070	1765
7710	1766
4812	1767
4977	1768
8990	1769
6406	1770
4647	1771
5783	1772
9258	1773
632	1774
1032	1775
4342	1776
4237	1777
826	1778
2858	1779
3897	1780
1307	1781
4896	1782
3628	1783
518	1784
6109	1785
6769	1786
235	1787
1134	1788
5	1789
8279	1790
5041	1791
8182	1792
8081	1793
4403	1794
4945	1795
7229	1796
212	1797
5904	1798
9922	1799
2182	1800
2723	1801
3968	1802
1419	1803
3693	1804
6871	1805
9717	1806
4722	1807
8217	1808
9585	1809
1265	1810
5673	1811
4419	1812
3483	1813
8734	1814
5868	1815
8531	1816
1695	1817
8812	1818
2318	1819
6695	1820
29	1821
6304	1822
9266	1823
1489	1824
5563	1825
1005	1826
3536	1827
8382	1828
9447	1829
7067	1830
6488	1831
9296	1832
7066	1833
5608	1834
5305	1835
6745	1836
4103	1837
4439	1838
1206	1839
3658	1840
5627	1841
5157	1842
2811	1843
155	1844
6321	1845
4773	1846
2786	1847
5366	1848
6138	1849
9494	1850
7449	1851
7894	1852
1041	1853
7986	1854
8358	1855
891	1856
3961	1857
5544	1858
4143	1859
5950	1860
3128	1861
1324	1862
5892	1863
7510	1864
6778	1865
4829	1866
4420	1867
4785	1868
5824	1869
9893	1870
4102	1871
1160	1872
6167	1873
4138	1874
4246	1875
5835	1876
4819	1877
5727	1878
1871	1879
1332	1880
4371	1881
7954	1882
2405	1883
7349	1884
7347	1885
3689	1886
654	1887
7559	1888
3054	1889
5965	1890
1727	1891
8641	1892
7188	1893
4304	1894
1638	1895
2154	1896
9008	1897
7189	1898
728	1899
3840	1900
2296	1901
4161	1902
6843	1903
9850	1904
9018	1905
1496	1906
3292	1907
3148	1908
7914	1909
224	1910
1275	1911
1968	1912
1344	1913
9281	1914
7299	1915
6471	1916
116	1917
7472	1918
9404	1919
6468	1920
6212	1921
2214	1922
5062	1923
7858	1924
4422	1925
851	1926
3704	1927
861	1928
4583	1929
8657	1930
9422	1931
3839	1932
9468	1933
5734	1934
2989	1935
5710	1936
210	1937
2957	1938
9313	1939
1790	1940
3578	1941
2870	1942
3509	1943
1941	1944
2535	1945
277	1946
8436	1947
456	1948
7065	1949
5201	1950
5474	1951
4257	1952
5254	1953
5089	1954
2780	1955
8162	1956
7754	1957
5589	1958
4427	1959
4241	1960
3435	1961
4090	1962
3014	1963
9514	1964
3896	1965
7032	1966
9454	1967
6742	1968
1914	1969
1939	1970
6142	1971
1000	1972
8269	1973
1250	1974
634	1975
2144	1976
2929	1977
1485	1978
3338	1979
1452	1980
1009	1981
419	1982
1179	1983
923	1984
7625	1985
140	1986
5189	1987
7151	1988
1785	1989
950	1990
7356	1991
7135	1992
1502	1993
5427	1994
2370	1995
9463	1996
2821	1997
5483	1998
6489	1999
3137	2000
7493	2001
6480	2002
6684	2003
7982	2004
4466	2005
7711	2006
6118	2007
3673	2008
3153	2009
1806	2010
8733	2011
3257	2012
3797	2013
4409	2014
1072	2015
3507	2016
5274	2017
8788	2018
3372	2019
328	2020
8748	2021
543	2022
3023	2023
6965	2024
24	2025
7514	2026
7767	2027
7523	2028
6984	2029
3530	2030
511	2031
9084	2032
3799	2033
6538	2034
7197	2035
2627	2036
2011	2037
9004	2038
9442	2039
713	2040
8902	2041
8981	2042
382	2043
9822	2044
2925	2045
9681	2046
6607	2047
8220	2048
7679	2049
2899	2050
8442	2051
6083	2052
2905	2053
8125	2054
7919	2055
7223	2056
1731	2057
3160	2058
6501	2059
7325	2060
5272	2061
7097	2062
6596	2063
9661	2064
7628	2065
7317	2066
6312	2067
5825	2068
7651	2069
553	2070
5217	2071
3378	2072
4270	2073
3653	2074
2362	2075
720	2076
5799	2077
7829	2078
7820	2079
4180	2080
1758	2081
7644	2082
4020	2083
9902	2084
1055	2085
406	2086
2649	2087
3699	2088
4483	2089
4769	2090
7399	2091
1808	2092
4174	2093
3129	2094
8372	2095
4463	2096
6125	2097
9845	2098
2262	2099
4925	2100
2511	2101
3048	2102
2420	2103
2139	2104
4457	2105
9608	2106
1623	2107
101	2108
4136	2109
9073	2110
1662	2111
3886	2112
3973	2113
4201	2114
40	2115
4549	2116
829	2117
8084	2118
4031	2119
5826	2120
8486	2121
9570	2122
343	2123
334	2124
6808	2125
5872	2126
5847	2127
7480	2128
339	2129
7799	2130
9295	2131
145	2132
1878	2133
8655	2134
9745	2135
2344	2136
7180	2137
1622	2138
4524	2139
289	2140
1699	2141
982	2142
8726	2143
2550	2144
4323	2145
6190	2146
1843	2147
2970	2148
3247	2149
1714	2150
5844	2151
7062	2152
9617	2153
8275	2154
1958	2155
8928	2156
5001	2157
2071	2158
2648	2159
4526	2160
1402	2161
6849	2162
1493	2163
6901	2164
2924	2165
9493	2166
7939	2167
9598	2168
1660	2169
4499	2170
1897	2171
8919	2172
5301	2173
9113	2174
4084	2175
4527	2176
270	2177
2984	2178
1079	2179
8139	2180
4453	2181
9392	2182
2995	2183
911	2184
8773	2185
4418	2186
5322	2187
6670	2188
4688	2189
363	2190
5156	2191
8305	2192
3195	2193
5498	2194
5547	2195
8822	2196
6412	2197
8554	2198
9670	2199
3917	2200
7136	2201
9037	2202
2213	2203
223	2204
4642	2205
1	2206
7370	2207
7778	2208
1036	2209
1825	2210
7124	2211
7844	2212
4971	2213
4268	2214
3421	2215
3967	2216
6604	2217
9734	2218
3497	2219
9445	2220
4286	2221
2923	2222
3118	2223
5744	2224
1511	2225
4834	2226
6058	2227
3549	2228
5747	2229
8906	2230
3203	2231
7295	2232
1465	2233
9531	2234
5896	2235
7346	2236
8837	2237
8780	2238
3155	2239
8010	2240
3691	2241
109	2242
4966	2243
5650	2244
4825	2245
6923	2246
8513	2247
9920	2248
9693	2249
6915	2250
2303	2251
778	2252
1612	2253
9820	2254
686	2255
2904	2256
117	2257
2320	2258
64	2259
8216	2260
2471	2261
2060	2262
5558	2263
7019	2264
9545	2265
2406	2266
9795	2267
8816	2268
4521	2269
2217	2270
8397	2271
8894	2272
5343	2273
742	2274
8141	2275
2783	2276
6891	2277
8318	2278
454	2279
6844	2280
388	2281
6164	2282
5410	2283
402	2284
9883	2285
6559	2286
618	2287
9635	2288
2038	2289
8841	2290
7756	2291
3945	2292
7345	2293
4881	2294
2290	2295
5407	2296
5370	2297
5265	2298
2877	2299
8522	2300
7387	2301
2339	2302
7803	2303
8794	2304
4245	2305
8863	2306
7260	2307
9088	2308
2166	2309
4415	2310
4623	2311
3879	2312
9231	2313
1147	2314
126	2315
3123	2316
761	2317
531	2318
1351	2319
8759	2320
2539	2321
3193	2322
8986	2323
4645	2324
3070	2325
8347	2326
6328	2327
8620	2328
2545	2329
3736	2330
6571	2331
3955	2332
323	2333
5902	2334
3258	2335
4053	2336
4474	2337
7932	2338
9578	2339
4553	2340
4891	2341
3698	2342
4637	2343
8379	2344
8112	2345
1449	2346
1617	2347
4461	2348
9502	2349
5666	2350
2630	2351
9182	2352
3152	2353
7790	2354
6846	2355
4749	2356
2822	2357
4247	2358
1800	2359
9280	2360
9483	2361
4018	2362
7195	2363
1049	2364
4951	2365
8230	2366
6038	2367
2141	2368
2587	2369
9405	2370
4756	2371
2762	2372
4654	2373
5237	2374
8737	2375
5477	2376
5160	2377
5289	2378
696	2379
7812	2380
6772	2381
7507	2382
6540	2383
6937	2384
4181	2385
1119	2386
3949	2387
613	2388
2859	2389
301	2390
3887	2391
5445	2392
6422	2393
8094	2394
2123	2395
7459	2396
7724	2397
6435	2398
6462	2399
5944	2400
1110	2401
7289	2402
6450	2403
4150	2404
4953	2405
5508	2406
9040	2407
5122	2408
7654	2409
6589	2410
8407	2411
42	2412
6560	2413
8671	2414
9453	2415
9229	2416
3847	2417
8282	2418
9111	2419
9497	2420
6065	2421
4566	2422
2744	2423
9729	2424
9769	2425
8079	2426
3727	2427
3114	2428
603	2429
3931	2430
5602	2431
5029	2432
5179	2433
4060	2434
1050	2435
1607	2436
5880	2437
9892	2438
3587	2439
6840	2440
9526	2441
1851	2442
6802	2443
7145	2444
6789	2445
403	2446
8707	2447
1260	2448
5220	2449
9828	2450
4266	2451
134	2452
5471	2453
9549	2454
411	2455
7048	2456
472	2457
8985	2458
9157	2459
6878	2460
6100	2461
2218	2462
6696	2463
4012	2464
9588	2465
6419	2466
1702	2467
5854	2468
7944	2469
4196	2470
4215	2471
5709	2472
3175	2473
5867	2474
262	2475
3641	2476
2024	2477
4882	2478
2150	2479
6260	2480
5324	2481
1207	2482
1070	2483
1505	2484
6539	2485
5378	2486
9473	2487
9737	2488
5970	2489
7773	2490
551	2491
6751	2492
7285	2493
2609	2494
7532	2495
6867	2496
1901	2497
547	2498
6257	2499
9501	2500
6296	2501
6311	2502
5908	2503
1911	2504
6227	2505
2695	2506
901	2507
3713	2508
2104	2509
4289	2510
1736	2511
5079	2512
2575	2513
6753	2514
4063	2515
5269	2516
862	2517
5353	2518
8021	2519
1221	2520
8836	2521
7	2522
991	2523
2240	2524
1856	2525
4676	2526
8588	2527
6165	2528
4936	2529
2757	2530
1801	2531
4718	2532
1249	2533
9206	2534
261	2535
4221	2536
533	2537
3274	2538
7456	2539
8260	2540
2288	2541
1861	2542
4529	2543
9072	2544
8797	2545
2209	2546
1076	2547
3665	2548
5612	2549
3752	2550
8202	2551
5724	2552
6725	2553
7622	2554
6831	2555
5909	2556
6444	2557
4784	2558
1241	2559
541	2560
8410	2561
572	2562
9071	2563
4912	2564
8030	2565
1849	2566
6090	2567
3685	2568
8172	2569
2855	2570
6699	2571
2678	2572
804	2573
5605	2574
8528	2575
8727	2576
9482	2577
736	2578
2771	2579
4048	2580
4132	2581
682	2582
3893	2583
672	2584
2077	2585
4975	2586
7948	2587
8378	2588
5365	2589
1900	2590
1188	2591
1131	2592
4029	2593
9022	2594
8369	2595
3072	2596
1840	2597
3337	2598
2338	2599
5827	2600
1096	2601
8195	2602
9858	2603
5387	2604
7923	2605
2529	2606
3634	2607
5917	2608
888	2609
3198	2610
327	2611
4606	2612
9697	2613
832	2614
4574	2615
7581	2616
5820	2617
8036	2618
8184	2619
7650	2620
3046	2621
2418	2622
7443	2623
2470	2624
8744	2625
6949	2626
5764	2627
1397	2628
9268	2629
344	2630
213	2631
8371	2632
5297	2633
948	2634
9829	2635
9393	2636
7309	2637
2360	2638
3368	2639
2004	2640
1460	2641
2378	2642
7312	2643
766	2644
4278	2645
8103	2646
9096	2647
3703	2648
3087	2649
8932	2650
8678	2651
8635	2652
7424	2653
2131	2654
8373	2655
9036	2656
3906	2657
6524	2658
2639	2659
6962	2660
7595	2661
5258	2662
8485	2663
5857	2664
6829	2665
6813	2666
1433	2667
2621	2668
5561	2669
1415	2670
1967	2671
7715	2672
7882	2673
2560	2674
8625	2675
841	2676
2589	2677
3513	2678
1473	2679
5235	2680
1997	2681
3306	2682
4528	2683
8991	2684
6159	2685
5460	2686
3367	2687
5679	2688
9424	2689
6879	2690
7952	2691
9888	2692
8321	2693
1889	2694
3506	2695
8953	2696
9155	2697
8521	2698
4223	2699
3588	2700
260	2701
4575	2702
9245	2703
4609	2704
6305	2705
9528	2706
1556	2707
4417	2708
3085	2709
8623	2710
7185	2711
3545	2712
408	2713
2019	2714
2298	2715
6427	2716
1454	2717
5465	2718
6676	2719
6306	2720
205	2721
1781	2722
6625	2723
2309	2724
6911	2725
3818	2726
9449	2727
7230	2728
2910	2729
6932	2730
6765	2731
4125	2732
9112	2733
7162	2734
4954	2735
7545	2736
8154	2737
5541	2738
1488	2739
3808	2740
2952	2741
7836	2742
9678	2743
7528	2744
5303	2745
6807	2746
1571	2747
1566	2748
5022	2749
9504	2750
52	2751
5251	2752
4	2753
792	2754
4649	2755
7901	2756
7557	2757
4372	2758
1524	2759
4818	2760
8099	2761
5171	2762
9046	2763
8140	2764
2159	2765
3259	2766
8376	2767
7423	2768
3008	2769
3732	2770
5226	2771
229	2772
1916	2773
996	2774
8545	2775
1349	2776
1124	2777
7618	2778
8833	2779
7548	2780
6514	2781
2759	2782
8368	2783
2937	2784
9539	2785
6410	2786
1707	2787
6783	2788
9187	2789
3226	2790
3986	2791
451	2792
7376	2793
1950	2794
523	2795
8298	2796
1189	2797
9361	2798
6706	2799
952	2800
2652	2801
8367	2802
1588	2803
7741	2804
7925	2805
8447	2806
4121	2807
6446	2808
8741	2809
987	2810
1197	2811
5449	2812
4162	2813
9625	2814
6823	2815
7859	2816
7555	2817
3392	2818
153	2819
9233	2820
7508	2821
2661	2822
6474	2823
2136	2824
4206	2825
5985	2826
4385	2827
2330	2828
2244	2829
6051	2830
2294	2831
4922	2832
466	2833
8696	2834
6988	2835
9360	2836
9158	2837
1089	2838
7081	2839
7835	2840
2266	2841
4924	2842
5963	2843
3419	2844
964	2845
8594	2846
304	2847
3015	2848
1655	2849
2789	2850
8425	2851
8285	2852
5441	2853
1641	2854
5832	2855
2876	2856
8717	2857
7688	2858
3765	2859
1976	2860
6786	2861
3857	2862
5469	2863
9500	2864
7543	2865
9621	2866
2616	2867
5381	2868
5891	2869
7210	2870
4789	2871
6379	2872
6592	2873
3943	2874
5497	2875
183	2876
9869	2877
4273	2878
8435	2879
4958	2880
3073	2881
7830	2882
3452	2883
8431	2884
4523	2885
2109	2886
1520	2887
1747	2888
6258	2889
371	2890
2188	2891
4487	2892
1270	2893
9436	2894
188	2895
3743	2896
7461	2897
6250	2898
767	2899
374	2900
9610	2901
9330	2902
4482	2903
6237	2904
6701	2905
1113	2906
5515	2907
2284	2908
7194	2909
9787	2910
7743	2911
8552	2912
4011	2913
4602	2914
957	2915
9516	2916
3340	2917
3735	2918
6700	2919
6045	2920
2032	2921
5379	2922
4867	2923
7268	2924
4595	2925
5796	2926
8449	2927
527	2928
9708	2929
4126	2930
2450	2931
7750	2932
2886	2933
5725	2934
6395	2935
6408	2936
3999	2937
1491	2938
7705	2939
4249	2940
337	2941
1682	2942
2343	2943
2692	2944
4559	2945
8335	2946
3600	2947
1482	2948
5490	2949
1569	2950
2641	2951
8506	2952
4088	2953
2281	2954
1407	2955
3907	2956
5863	2957
2452	2958
2285	2959
5380	2960
1010	2961
5489	2962
8612	2963
15	2964
7378	2965
9448	2966
5995	2967
4478	2968
5049	2969
6221	2970
2659	2971
5409	2972
8346	2973
4037	2974
6022	2975
1466	2976
586	2977
2637	2978
7887	2979
9348	2980
3899	2981
7693	2982
4899	2983
9772	2984
6269	2985
5730	2986
2384	2987
9552	2988
1978	2989
6927	2990
3334	2991
7406	2992
5221	2993
8101	2994
6897	2995
3290	2996
2199	2997
9083	2998
2726	2999
8871	3000
6521	3001
6233	3002
4908	3003
4234	3004
6392	3005
4739	3006
7989	3007
4991	3008
9948	3009
7241	3010
5218	3011
1285	3012
7454	3013
1317	3014
1246	3015
5403	3016
9757	3017
4710	3018
6585	3019
2069	3020
4995	3021
9469	3022
5326	3023
1937	3024
4554	3025
5344	3026
9496	3027
4058	3028
8909	3029
6354	3030
2168	3031
8647	3032
998	3033
5535	3034
6040	3035
8534	3036
6217	3037
6345	3038
6568	3039
2752	3040
7871	3041
2376	3042
9272	3043
5456	3044
3327	3045
1506	3046
5074	3047
8823	3048
4205	3049
6080	3050
8488	3051
4321	3052
4876	3053
1286	3054
3407	3055
878	3056
6535	3057
9940	3058
6641	3059
5897	3060
791	3061
9574	3062
6992	3063
8470	3064
7142	3065
1084	3066
8272	3067
1264	3068
680	3069
6854	3070
4330	3071
1060	3072
753	3073
5951	3074
4097	3075
5933	3076
7912	3077
1333	3078
6506	3079
4411	3080
5706	3081
251	3082
4005	3083
2764	3084
8448	3085
392	3086
9355	3087
6993	3088
6094	3089
4596	3090
752	3091
8720	3092
2902	3093
7365	3094
8370	3095
3719	3096
9407	3097
980	3098
9169	3099
6757	3100
7524	3101
5977	3102
9336	3103
2552	3104
4840	3105
9763	3106
7885	3107
3471	3108
94	3109
8239	3110
3167	3111
4065	3112
6147	3113
5715	3114
8861	3115
136	3116
5877	3117
5396	3118
8415	3119
8106	3120
6032	3121
231	3122
2119	3123
1972	3124
738	3125
5422	3126
4387	3127
7845	3128
3176	3129
9320	3130
4778	3131
9347	3132
2903	3133
4004	3134
1873	3135
9236	3136
3460	3137
5231	3138
6611	3139
5070	3140
1007	3141
6341	3142
2030	3143
4290	3144
7807	3145
8643	3146
7519	3147
6835	3148
2183	3149
7698	3150
3138	3151
5815	3152
1445	3153
5391	3154
482	3155
1187	3156
187	3157
7303	3158
9016	3159
612	3160
9000	3161
8250	3162
3525	3163
6884	3164
8304	3165
5601	3166
7143	3167
3225	3168
1713	3169
1404	3170
8761	3171
8762	3172
9437	3173
7248	3174
1583	3175
5178	3176
8601	3177
6574	3178
7706	3179
4099	3180
1951	3181
5058	3182
9140	3183
6106	3184
6225	3185
3571	3186
3006	3187
5945	3188
5718	3189
2349	3190
8842	3191
7207	3192
8158	3193
3102	3194
7022	3195
6882	3196
6195	3197
5513	3198
130	3199
4208	3200
7011	3201
8746	3202
3029	3203
8685	3204
7579	3205
9200	3206
4781	3207
4202	3208
9771	3209
2126	3210
3501	3211
3963	3212
4733	3213
560	3214
9480	3215
9530	3216
6822	3217
5618	3218
2299	3219
9559	3220
2768	3221
7111	3222
4177	3223
931	3224
6816	3225
7319	3226
4313	3227
8322	3228
6865	3229
202	3230
8815	3231
2672	3232
2157	3233
4608	3234
1245	3235
2394	3236
9753	3237
8293	3238
3900	3239
4425	3240
307	3241
3922	3242
3696	3243
3301	3244
4368	3245
2358	3246
6285	3247
9498	3248
7049	3249
9809	3250
3514	3251
2663	3252
7629	3253
4002	3254
14	3255
3574	3256
7993	3257
9476	3258
6818	3259
5487	3260
933	3261
4696	3262
2922	3263
4440	3264
241	3265
5256	3266
1615	3267
7704	3268
3307	3269
1219	3270
6752	3271
9759	3272
1195	3273
668	3274
30	3275
1322	3276
1212	3277
9551	3278
5926	3279
9184	3280
2055	3281
3789	3282
3427	3283
714	3284
8557	3285
5967	3286
619	3287
2881	3288
6454	3289
5327	3290
282	3291
8801	3292
7263	3293
4000	3294
3442	3295
4823	3296
5789	3297
6461	3298
9116	3299
3803	3300
775	3301
6049	3302
1764	3303
9117	3304
8898	3305
6623	3306
6432	3307
4871	3308
8934	3309
624	3310
2717	3311
7205	3312
9517	3313
9151	3314
3822	3315
3647	3316
860	3317
681	3318
8996	3319
5360	3320
711	3321
4442	3322
8122	3323
7886	3324
5865	3325
2388	3326
5545	3327
9699	3328
8708	3329
8653	3330
1006	3331
4454	3332
3063	3333
9544	3334
7332	3335
21	3336
6064	3337
2224	3338
9742	3339
5063	3340
3612	3341
4539	3342
5700	3343
8465	3344
8393	3345
3341	3346
9243	3347
7171	3348
2741	3349
5821	3350
1439	3351
4580	3352
3444	3353
8765	3354
1306	3355
1184	3356
3889	3357
4720	3358
4357	3359
384	3360
9609	3361
9756	3362
6713	3363
920	3364
9165	3365
6583	3366
6197	3367
6939	3368
7408	3369
3557	3370
2122	3371
7056	3372
4222	3373
2540	3374
9691	3375
7908	3376
3593	3377
8091	3378
5054	3379
1371	3380
8315	3381
2564	3382
4684	3383
2617	3384
4980	3385
2201	3386
2145	3387
9700	3388
3801	3389
6658	3390
4130	3391
3500	3392
4353	3393
9895	3394
6300	3395
3521	3396
4207	3397
5557	3398
7047	3399
1666	3400
1429	3401
6680	3402
8627	3403
5791	3404
6334	3405
49	3406
5774	3407
3242	3408
2235	3409
357	3410
3990	3411
1196	3412
3909	3413
3377	3414
6723	3415
8147	3416
7098	3417
3622	3418
3603	3419
1377	3420
6055	3421
1751	3422
7662	3423
9507	3424
461	3425
2949	3426
8226	3427
8723	3428
5210	3429
365	3430
7017	3431
924	3432
9343	3433
8072	3434
5875	3435
5531	3436
4868	3437
3984	3438
3594	3439
396	3440
7158	3441
2739	3442
8896	3443
2308	3444
2181	3445
2462	3446
438	3447
1369	3448
3485	3449
8690	3450
5659	3451
4236	3452
6280	3453
8049	3454
2751	3455
679	3456
1243	3457
397	3458
602	3459
7560	3460
9228	3461
6337	3462
1136	3463
7584	3464
2198	3465
8014	3466
4905	3467
9382	3468
1625	3469
8957	3470
7924	3471
904	3472
4303	3473
3385	3474
266	3475
5045	3476
5350	3477
8386	3478
1117	3479
8330	3480
3929	3481
4797	3482
7921	3483
992	3484
4087	3485
8031	3486
3952	3487
7720	3488
3139	3489
1542	3490
937	3491
8328	3492
476	3493
4743	3494
8320	3495
7917	3496
8941	3497
9081	3498
5241	3499
3932	3500
434	3501
5512	3502
2634	3503
6382	3504
8517	3505
499	3506
1929	3507
7590	3508
420	3509
4626	3510
4280	3511
4123	3512
8789	3513
3326	3514
23	3515
2054	3516
3995	3517
707	3518
5972	3519
2953	3520
7665	3521
9650	3522
3894	3523
4225	3524
7737	3525
158	3526
8288	3527
6037	3528
305	3529
6702	3530
9099	3531
1054	3532
8499	3533
7206	3534
8658	3535
9781	3536
179	3537
221	3538
6460	3539
7937	3540
6622	3541
574	3542
9106	3543
1068	3544
6171	3545
6608	3546
9093	3547
6826	3548
2260	3549
4726	3550
2142	3551
6484	3552
8775	3553
3438	3554
5537	3555
7984	3556
9735	3557
9936	3558
1022	3559
3661	3560
1353	3561
5333	3562
1148	3563
8637	3564
4275	3565
9373	3566
4599	3567
2969	3568
3705	3569
4025	3570
5028	3571
4239	3572
9062	3573
7876	3574
6764	3575
6782	3576
6830	3577
9896	3578
9045	3579
3730	3580
2787	3581
3540	3582
5094	3583
2252	3584
139	3585
326	3586
1211	3587
4662	3588
2229	3589
3782	3590
4447	3591
7681	3592
5065	3593
6076	3594
5556	3595
3911	3596
910	3597
1318	3598
1350	3599
3281	3600
2331	3601
2261	3602
4555	3603
5293	3604
1291	3605
1183	3606
7327	3607
1253	3608
3409	3609
393	3610
5292	3611
4416	3612
546	3613
4412	3614
3815	3615
180	3616
5162	3617
2372	3618
8085	3619
3411	3620
5674	3621
7751	3622
2567	3623
6983	3624
5525	3625
2504	3626
3806	3627
7104	3628
7781	3629
3962	3630
8295	3631
1114	3632
8526	3633
6162	3634
4795	3635
8518	3636
577	3637
8152	3638
2227	3639
6315	3640
7033	3641
8892	3642
6075	3643
5758	3644
4327	3645
1931	3646
296	3647
4692	3648
3001	3649
2841	3650
6859	3651
5991	3652
7377	3653
7484	3654
1299	3655
6398	3656
3638	3657
6719	3658
1850	3659
5595	3660
4568	3661
4935	3662
9312	3663
4494	3664
1708	3665
9618	3666
3181	3667
8249	3668
9784	3669
6203	3670
7942	3671
5849	3672
5247	3673
8426	3674
7798	3675
4738	3676
5788	3677
5765	3678
114	3679
4929	3680
8	3681
5635	3682
2025	3683
1657	3684
8751	3685
1673	3686
5134	3687
3495	3688
2932	3689
8002	3690
279	3691
5554	3692
4842	3693
8504	3694
7163	3695
4551	3696
3336	3697
8353	3698
705	3699
8231	3700
5348	3701
8199	3702
20	3703
9007	3704
8020	3705
3503	3706
1172	3707
875	3708
6409	3709
6173	3710
9836	3711
157	3712
8076	3713
1580	3714
6490	3715
1679	3716
2228	3717
4190	3718
3978	3719
4598	3720
6523	3721
3985	3722
1715	3723
5585	3724
3533	3725
9300	3726
8722	3727
8179	3728
2557	3729
9790	3730
7936	3731
9107	3732
4035	3733
7872	3734
1821	3735
4129	3736
7043	3737
5735	3738
7491	3739
488	3740
2458	3741
7864	3742
3357	3743
1153	3744
3059	3745
6869	3746
8882	3747
9945	3748
298	3749
7561	3750
7110	3751
4685	3752
6431	3753
8487	3754
7400	3755
3315	3756
3158	3757
4506	3758
6308	3759
8873	3760
9564	3761
9279	3762
5620	3763
651	3764
5520	3765
9381	3766
333	3767
6599	3768
983	3769
3311	3770
3706	3771
2340	3772
9722	3773
8115	3774
6369	3775
822	3776
7534	3777
5530	3778
65	3779
8600	3780
6874	3781
8660	3782
8599	3783
5804	3784
2548	3785
8848	3786
1611	3787
3106	3788
8561	3789
5704	3790
2238	3791
2729	3792
5829	3793
4686	3794
7386	3795
2665	3796
866	3797
9646	3798
1242	3799
3136	3800
3410	3801
6067	3802
7039	3803
9615	3804
817	3805
5310	3806
590	3807
8232	3808
2658	3809
3937	3810
2974	3811
82	3812
1395	3813
927	3814
7052	3815
3492	3816
7496	3817
3798	3818
8675	3819
657	3820
1749	3821
8013	3822
5768	3823
7094	3824
658	3825
3342	3826
9698	3827
5020	3828
8228	3829
642	3830
2371	3831
7638	3832
6483	3833
3147	3834
2275	3835
7023	3836
9339	3837
2424	3838
149	3839
3032	3840
2134	3841
5181	3842
5130	3843
503	3844
5642	3845
635	3846
7249	3847
8351	3848
8879	3849
1386	3850
3504	3851
3475	3852
5590	3853
1882	3854
9189	3855
7878	3856
8196	3857
2202	3858
9613	3859
4364	3860
6297	3861
1553	3862
1141	3863
7339	3864
4820	3865
8360	3866
3416	3867
1886	3868
8047	3869
4209	3870
1063	3871
2382	3872
2479	3873
1608	3874
4650	3875
2852	3876
928	3877
5925	3878
6496	3879
7728	3880
2827	3881
6798	3882
1088	3883
168	3884
8566	3885
2457	3886
1965	3887
8551	3888
6703	3889
3370	3890
9017	3891
7760	3892
9408	3893
8473	3894
3711	3895
8944	3896
437	3897
2955	3898
2530	3899
2844	3900
2124	3901
8075	3902
5703	3903
9056	3904
2496	3905
4667	3906
8461	3907
3646	3908
3553	3909
25	3910
112	3911
4423	3912
4854	3913
4397	3914
7813	3915
8421	3916
4191	3917
6613	3918
5716	3919
5778	3920
6525	3921
1409	3922
3567	3923
6791	3924
5095	3925
4570	3926
8153	3927
5014	3928
3980	3929
288	3930
2325	3931
317	3932
8587	3933
3833	3934
3854	3935
4970	3936
1523	3937
5263	3938
3052	3939
2174	3940
5057	3941
33	3942
3244	3943
3697	3944
6616	3945
3206	3946
79	3947
2510	3948
898	3949
5129	3950
6720	3951
5209	3952
9861	3953
3173	3954
9252	3955
9546	3956
6747	3957
1345	3958
5574	3959
6633	3960
6359	3961
7614	3962
7328	3963
4164	3964
7236	3965
54	3966
9712	3967
4322	3968
2474	3969
685	3970
9638	3971
6728	3972
6994	3973
9370	3974
1170	3975
1029	3976
7697	3977
3898	3978
849	3979
502	3980
7280	3981
7744	3982
3186	3983
4741	3984
3159	3985
8818	3986
6132	3987
9377	3988
748	3989
7709	3990
8808	3991
6140	3992
2195	3993
2761	3994
6464	3995
198	3996
4593	3997
6357	3998
7457	3999
331	4000
2257	4001
7834	4002
3300	4003
6806	4004
6930	4005
5919	4006
1378	4007
4706	4008
2983	4009
1766	4010
1348	4011
3747	4012
6478	4013
9175	4014
9456	4015
2889	4016
2208	4017
3941	4018
5328	4019
1030	4020
8924	4021
5359	4022
9452	4023
5188	4024
46	4025
5367	4026
2721	4027
77	4028
9202	4029
6711	4030
1860	4031
9380	4032
9344	4033
6259	4034
8127	4035
7785	4036
4410	4037
7703	4038
9363	4039
9464	4040
2926	4041
242	4042
354	4043
1297	4044
10	4045
3913	4046
7531	4047
4339	4048
1259	4049
6071	4050
67	4051
4833	4052
7994	4053
2981	4054
8497	4055
7258	4056
3758	4057
41	4058
9311	4059
4663	4060
7426	4061
3636	4062
5838	4063
3493	4064
810	4065
2063	4066
446	4067
5056	4068
2543	4069
9263	4070
1759	4071
1710	4072
1761	4073
6709	4074
9390	4075
6825	4076
5726	4077
507	4078
557	4079
500	4080
268	4081
4698	4082
8755	4083
967	4084
4767	4085
2037	4086
1837	4087
2909	4088
4607	4089
5290	4090
6892	4091
1515	4092
5591	4093
6655	4094
7802	4095
8682	4096
2517	4097
4532	4098
3463	4099
8914	4100
2772	4101
5111	4102
122	4103
5276	4104
8560	4105
6096	4106
2825	4107
5622	4108
6346	4109
3687	4110
2381	4111
5831	4112
7384	4113
5004	4114
4459	4115
9358	4116
9878	4117
918	4118
332	4119
536	4120
1251	4121
1706	4122
2029	4123
6507	4124
1740	4125
5482	4126
2460	4127
2933	4128
5121	4129
8258	4130
7231	4131
8559	4132
9624	4133
2393	4134
869	4135
6588	4136
4866	4137
3560	4138
5551	4139
3254	4140
497	4141
3107	4142
9773	4143
4567	4144
1501	4145
6246	4146
9164	4147
7418	4148
2745	4149
2027	4150
8640	4151
9180	4152
2191	4153
2057	4154
2137	4155
6347	4156
5740	4157
793	4158
483	4159
8265	4160
2803	4161
3535	4162
2128	4163
132	4164
5285	4165
4343	4166
3479	4167
9513	4168
6307	4169
3384	4170
8057	4171
1783	4172
8592	4173
9035	4174
8438	4175
6577	4176
1521	4177
8083	4178
7570	4179
9409	4180
4064	4181
3233	4182
7007	4183
9097	4184
7692	4185
5624	4186
4802	4187
8303	4188
4448	4189
1008	4190
7439	4191
3146	4192
7262	4193
3515	4194
4233	4195
9942	4196
7587	4197
8468	4198
3391	4199
1128	4200
175	4201
4510	4202
349	4203
1711	4204
34	4205
4557	4206
4672	4207
9021	4208
9863	4209
7367	4210
8016	4211
5281	4212
9779	4213
3740	4214
2098	4215
1701	4216
5941	4217
697	4218
971	4219
5400	4220
5853	4221
3086	4222
4703	4223
1803	4224
492	4225
4944	4226
892	4227
7732	4228
2045	4229
8869	4230
4232	4231
5174	4232
6270	4233
2072	4234
1768	4235
8631	4236
9386	4237
4757	4238
8357	4239
4536	4240
956	4241
3267	4242
1694	4243
3335	4244
5421	4245
777	4246
3614	4247
1357	4248
1559	4249
833	4250
3026	4251
5249	4252
8716	4253
8168	4254
391	4255
2611	4256
5762	4257
2490	4258
6391	4259
9461	4260
7087	4261
3529	4262
6042	4263
6388	4264
7477	4265
4874	4266
1038	4267
7174	4268
6951	4269
6059	4270
7645	4271
1854	4272
8323	4273
281	4274
8666	4275
6008	4276
5012	4277
4251	4278
1651	4279
2156	4280
4948	4281
2184	4282
8253	4283
240	4284
1991	4285
474	4286
1807	4287
8771	4288
9591	4289
1164	4290
9607	4291
7977	4292
5559	4293
7586	4294
5255	4295
3476	4296
6035	4297
9087	4298
631	4299
2316	4300
9727	4301
9055	4302
6144	4303
1437	4304
1917	4305
6889	4306
5271	4307
1730	4308
245	4309
5318	4310
5362	4311
5485	4312
6677	4313
9428	4314
3437	4315
6800	4316
379	4317
123	4318
5935	4319
4075	4320
3002	4321
2480	4322
9619	4323
4826	4324
3255	4325
8768	4326
7911	4327
8052	4328
1385	4329
1703	4330
6111	4331
6088	4332
4653	4333
9760	4334
7217	4335
2774	4336
8598	4337
1656	4338
6120	4339
859	4340
3982	4341
3762	4342
360	4343
9677	4344
3688	4345
9076	4346
9653	4347
7068	4348
4441	4349
7053	4350
190	4351
5662	4352
2518	4353
6121	4354
6193	4355
1463	4356
694	4357
5208	4358
6131	4359
6133	4360
7975	4361
5027	4362
3157	4363
7228	4364
567	4365
6660	4366
1472	4367
6929	4368
2971	4369
1237	4370
8464	4371
9935	4372
670	4373
4678	4374
3561	4375
1336	4376
387	4377
9120	4378
765	4379
4727	4380
8825	4381
3343	4382
8412	4383
9394	4384
9488	4385
9215	4386
4219	4387
5242	4388
8266	4389
4115	4390
4841	4391
2756	4392
4344	4393
9326	4394
3234	4395
3498	4396
8191	4397
6015	4398
5026	4399
6154	4400
4721	4401
4109	4402
3494	4403
5810	4404
5798	4405
2491	4406
6247	4407
6587	4408
6093	4409
9316	4410
4856	4411
4198	4412
7498	4413
2194	4414
9853	4415
943	4416
2274	4417
5898	4418
9041	4419
9925	4420
9695	4421
5575	4422
7455	4423
7351	4424
6449	4425
4997	4426
8245	4427
843	4428
7235	4429
4677	4430
9807	4431
8087	4432
7881	4433
3390	4434
3383	4435
2106	4436
4122	4437
352	4438
8515	4439
2196	4440
6487	4441
2633	4442
1071	4443
8881	4444
839	4445
5168	4446
2094	4447
7417	4448
91	4449
2074	4450
8066	4451
166	4452
9298	4453
390	4454
8175	4455
2778	4456
7941	4457
7290	4458
4329	4459
4920	4460
3624	4461
8611	4462
5227	4463
8772	4464
4808	4465
1775	4466
9457	4467
3956	4468
5882	4469
8007	4470
2731	4471
2832	4472
7892	4473
6400	4474
9429	4475
2401	4476
6092	4477
5755	4478
5714	4479
4495	4480
6924	4481
7191	4482
5358	4483
6459	4484
4107	4485
1085	4486
6788	4487
8273	4488
2067	4489
2365	4490
4310	4491
3013	4492
7646	4493
1940	4494
758	4495
8017	4496
4265	4497
7276	4498
8884	4499
1492	4500
5760	4501
7604	4502
5347	4503
1709	4504
5397	4505
2680	4506
4484	4507
8745	4508
7642	4509
4443	4510
8656	4511
6828	4512
2596	4513
2863	4514
2766	4515
9385	4516
4471	4517
4627	4518
2906	4519
781	4520
7198	4521
6368	4522
3379	4523
4497	4524
4737	4525
7613	4526
1205	4527
9166	4528
3045	4529
1411	4530
7927	4531
1575	4532
3108	4533
3356	4534
4300	4535
9780	4536
4585	4537
6990	4538
6390	4539
5351	4540
5393	4541
2485	4542
8820	4543
8525	4544
6810	4545
7553	4546
3686	4547
5900	4548
3095	4549
4395	4550
3270	4551
4817	4552
2421	4553
6426	4554
3163	4555
375	4556
2498	4557
2785	4558
4658	4559
5357	4560
1037	4561
8089	4562
28	4563
2280	4564
9723	4565
1516	4566
1986	4567
1268	4568
2657	4569
8608	4570
5538	4571
2809	4572
1125	4573
3971	4574
2319	4575
395	4576
1763	4577
6667	4578
4007	4579
6050	4580
7106	4581
1223	4582
2242	4583
1461	4584
3804	4585
3983	4586
1102	4587
7316	4588
9431	4589
3455	4590
2583	4591
3910	4592
660	4593
7013	4594
7593	4595
4909	4596
3958	4597
3366	4598
3817	4599
7826	4600
3630	4601
1653	4602
6664	4603
8437	4604
5086	4605
7331	4606
423	4607
104	4608
1456	4609
9903	4610
2897	4611
3613	4612
3598	4613
9558	4614
8070	4615
7211	4616
1640	4617
2333	4618
8394	4619
9474	4620
9838	4621
3230	4622
677	4623
6883	4624
5376	4625
9620	4626
5940	4627
2894	4628
7670	4629
1932	4630
906	4631
9776	4632
4928	4633
2824	4634
8130	4635
592	4636
9566	4637
9136	4638
8581	4639
5578	4640
5352	4641
2076	4642
88	4643
76	4644
6814	4645
3231	4646
4139	4647
9879	4648
5885	4649
2110	4650
2777	4651
8782	4652
2606	4653
5516	4654
3432	4655
7292	4656
7551	4657
5152	4658
8268	4659
837	4660
7288	4661
1263	4662
6332	4663
6170	4664
1064	4665
2287	4666
400	4667
7445	4668
6145	4669
8828	4670
7226	4671
4203	4672
7086	4673
751	4674
9472	4675
7148	4676
1368	4677
4973	4678
936	4679
3207	4680
664	4681
6499	4682
4933	4683
3589	4684
4522	4685
3171	4686
5186	4687
5371	4688
8753	4689
2254	4690
9077	4691
1962	4692
8341	4693
3201	4694
3441	4695
9042	4696
9941	4697
3756	4698
1594	4699
5522	4700
5752	4701
4213	4702
7822	4703
4918	4704
5080	4705
6912	4706
6663	4707
615	4708
8663	4709
7953	4710
3679	4711
7800	4712
3218	4713
8844	4714
8352	4715
4666	4716
2337	4717
5720	4718
5044	4719
5647	4720
4636	4721
4705	4722
8509	4723
1298	4724
2147	4725
3355	4726
883	4727
3469	4728
1069	4729
3866	4730
6319	4731
9915	4732
7436	4733
143	4734
9082	4735
1080	4736
4470	4737
9399	4738
3401	4739
8183	4740
1630	4741
7915	4742
3942	4743
4248	4744
8527	4745
5475	4746
4715	4747
8933	4748
160	4749
993	4750
7827	4751
3739	4752
8028	4753
1777	4754
4016	4755
4582	4756
8067	4757
4243	4758
3959	4759
5312	4760
7305	4761
8022	4762
4578	4763
5528	4764
8606	4765
6020	4766
1868	4767
4915	4768
4827	4769
8900	4770
5619	4771
1305	4772
7972	4773
2520	4774
3219	4775
8695	4776
4916	4777
9067	4778
6127	4779
4094	4780
2086	4781
8698	4782
9115	4783
6291	4784
815	4785
2528	4786
2387	4787
4985	4788
4252	4789
9267	4790
512	4791
4141	4792
7699	4793
3726	4794
4071	4795
4986	4796
1548	4797
5570	4798
9435	4799
9421	4800
5402	4801
2295	4802
3508	4803
1190	4804
4584	4805
8992	4806
2034	4807
9029	4808
4594	4809
2061	4810
1151	4811
1122	4812
2998	4813
6627	4814
4078	4815
1987	4816
7686	4817
6790	4818
315	4819
2363	4820
8173	4821
9540	4822
4760	4823
2722	4824
2579	4825
9590	4826
1262	4827
4613	4828
6681	4829
5438	4830
4713	4831
4204	4832
504	4833
976	4834
6085	4835
6520	4836
2022	4837
1266	4838
6759	4839
4728	4840
9680	4841
1599	4842
9353	4843
5052	4844
1797	4845
9812	4846
7401	4847
8921	4848
724	4849
8472	4850
1956	4851
6741	4852
1074	4853
9785	4854
2631	4855
278	4856
5604	4857
6443	4858
9912	4859
3966	4860
2568	4861
6494	4862
8661	4863
9788	4864
252	4865
4013	4866
5309	4867
9139	4868
8835	4869
1794	4870
8237	4871
756	4872
7816	4873
1373	4874
8363	4875
2521	4876
3446	4877
9859	4878
9290	4879
3888	4880
8001	4881
5363	4882
8724	4883
6004	4884
4024	4885
4911	4886
8942	4887
4473	4888
7537	4889
3977	4890
9864	4891
4194	4892
2293	4893
6645	4894
2534	4895
3725	4896
5264	4897
3174	4898
5484	4899
5903	4900
6373	4901
4405	4902
842	4903
7694	4904
3089	4905
5960	4906
8970	4907
5212	4908
8867	4909
401	4910
6734	4911
855	4912
2043	4913
9639	4914
7014	4915
5713	4916
2662	4917
9059	4918
3709	4919
5435	4920
3423	4921
2505	4922
1620	4923
2944	4924
7398	4925
8136	4926
4892	4927
5494	4928
442	4929
7161	4930
7275	4931
7874	4932
5244	4933
18	4934
2205	4935
2263	4936
2425	4937
2222	4938
9430	4939
5543	4940
3299	4941
3304	4942
7338	4943
1893	4944
2083	4945
2915	4946
9249	4947
4712	4948
1930	4949
5901	4950
552	4951
5785	4952
1820	4953
4388	4954
674	4955
8137	4956
1902	4957
3467	4958
6194	4959
2231	4960
6515	4961
4640	4962
5603	4963
1831	4964
3979	4965
4098	4966
8572	4967
173	4968
542	4969
7383	4970
6504	4971
3676	4972
8796	4973
355	4974
7093	4975
7840	4976
8742	4977
4547	4978
1741	4979
4307	4980
7806	4981
1793	4982
1639	4983
4328	4984
9172	4985
6275	4986
6136	4987
6411	4988
228	4989
4844	4990
7556	4991
8256	4992
3522	4993
5655	4994
8207	4995
3212	4996
2555	4997
6721	4998
1279	4999
4299	5000
824	5001
7084	5002
4525	5003
2644	5004
8387	5005
6385	5006
510	5007
2934	5008
3670	5009
1832	5010
3284	5011
5886	5012
3316	5013
5870	5014
8798	5015
9659	5016
3632	5017
8915	5018
1341	5019
3562	5020
6436	5021
7831	5022
8095	5023
2942	5024
2826	5025
2176	5026
6739	5027
214	5028
6558	5029
2492	5030
8055	5031
5695	5032
3828	5033
2709	5034
2972	5035
9676	5036
1992	5037
5699	5038
7763	5039
447	5040
3902	5041
5753	5042
8155	5043
7313	5044
7624	5045
9396	5046
5954	5047
945	5048
9406	5049
6415	5050
7617	5051
376	5052
2963	5053
7213	5054
8038	5055
6302	5056
607	5057
9254	5058
9563	5059
5389	5060
9178	5061
8692	5062
4183	5063
5325	5064
1354	5065
960	5066
5372	5067
1908	5068
2936	5069
7786	5070
1884	5071
4469	5072
940	5073
9816	5074
8274	5075
800	5076
3690	5077
9114	5078
6904	5079
2085	5080
359	5081
2928	5082
9051	5083
7440	5084
1522	5085
8807	5086
7801	5087
8037	5088
3011	5089
6532	5090
4285	5091
4651	5092
2544	5093
9450	5094
2012	5095
9707	5096
9416	5097
7865	5098
7254	5099
6238	5100
9572	5101
8339	5102
8680	5103
9334	5104
718	5105
9066	5106
8459	5107
2960	5108
5125	5109
7469	5110
8460	5111
7649	5112
8805	5113
2023	5114
7701	5115
4472	5116
4780	5117
4218	5118
951	5119
8891	5120
9310	5121
4999	5122
3616	5123
1980	5124
1659	5125
5763	5126
5036	5127
247	5128
8702	5129
1534	5130
2911	5131
8151	5132
9553	5133
6609	5134
4652	5135
5782	5136
5398	5137
8097	5138
5741	5139
1309	5140
6861	5141
71	5142
4297	5143
1717	5144
9379	5145
4426	5146
698	5147
6198	5148
6785	5149
3882	5150
215	5151
2614	5152
8189	5153
7397	5154
6352	5155
6477	5156
2884	5157
7875	5158
8578	5159
4284	5160
1140	5161
2913	5162
977	5163
5983	5164
5812	5165
706	5166
3082	5167
8519	5168
1845	5169
4719	5170
1052	5171
4742	5172
2211	5173
8535	5174
4105	5175
3111	5176
8638	5177
1042	5178
8752	5179
1481	5180
754	5181
8096	5182
7578	5183
7405	5184
1171	5185
7244	5186
3058	5187
287	5188
8677	5189
5011	5190
3773	5191
9410	5192
6091	5193
4498	5194
3232	5195
7199	5196
7961	5197
6630	5198
5866	5199
9856	5200
3609	5201
6561	5202
9237	5203
9375	5204
4235	5205
6860	5206
7995	5207
8754	5208
4562	5209
3229	5210
4316	5211
6565	5212
1217	5213
9581	5214
2366	5215
1844	5216
2888	5217
6612	5218
517	5219
9103	5220
2092	5221
3283	5222
4318	5223
585	5224
7266	5225
4134	5226
6475	5227
3322	5228
4851	5229
1913	5230
8838	5231
4210	5232
934	5233
4894	5234
5953	5235
7169	5236
7074	5237
638	5238
8998	5239
3892	5240
1480	5241
3440	5242
9741	5243
1604	5244
4707	5245
5101	5246
5958	5247
4077	5248
3681	5249
9766	5250
1779	5251
1605	5252
9074	5253
9028	5254
6168	5255
8060	5256
7146	5257
5685	5258
7428	5259
8482	5260
377	5261
3766	5262
5761	5263
3861	5264
3328	5265
6281	5266
7671	5267
3004	5268
5855	5269
3417	5270
3904	5271
6606	5272
9211	5273
2965	5274
1919	5275
312	5276
6135	5277
9596	5278
3976	5279
2869	5280
737	5281
7766	5282
8965	5283
8912	5284
4711	5285
4361	5286
848	5287
44	5288
3721	5289
7850	5290
3374	5291
5243	5292
5295	5293
6942	5294
8964	5295
7517	5296
6112	5297
5766	5298
5729	5299
4964	5300
9932	5301
99	5302
1363	5303
5017	5304
5051	5305
8063	5306
6527	5307
1059	5308
5161	5309
9887	5310
4674	5311
9634	5312
3439	5313
9384	5314
2838	5315
321	5316
7204	5317
4764	5318
7842	5319
1650	5320
9817	5321
5721	5322
1107	5323
6690	5324
6404	5325
7809	5326
4283	5327
6544	5328
8419	5329
9	5330
1176	5331
9602	5332
7575	5333
2622	5334
7324	5335
7660	5336
6163	5337
6697	5338
4250	5339
6761	5340
4393	5341
1093	5342
5626	5343
5586	5344
3768	5345
2834	5346
5746	5347
8999	5348
8736	5349
291	5350
5442	5351
7678	5352
194	5353
8648	5354
7024	5355
9207	5356
7920	5357
1944	5358
468	5359
1696	5360
3749	5361
8787	5362
1026	5363
6632	5364
2008	5365
6591	5366
7122	5367
5987	5368
6010	5369
831	5370
4904	5371
7216	5372
253	5373
4355	5374
2352	5375
3831	5376
4740	5377
873	5378
8908	5379
782	5380
5345	5381
5145	5382
2475	5383
9803	5384
4192	5385
1444	5386
6547	5387
8160	5388
2248	5389
6215	5390
2031	5391
2016	5392
6605	5393
616	5394
2962	5395
2988	5396
2879	5397
8988	5398
8123	5399
4914	5400
6837	5401
825	5402
7931	5403
7762	5404
1284	5405
1233	5406
5429	5407
8859	5408
5759	5409
5942	5410
2396	5411
9050	5412
2763	5413
7165	5414
4030	5415
5055	5416
2259	5417
5331	5418
9728	5419
7117	5420
2326	5421
1872	5422
4798	5423
7690	5424
2503	5425
7487	5426
346	5427
3784	5428
2501	5429
1589	5430
2742	5431
1300	5432
6073	5433
7329	5434
5672	5435
556	5436
110	5437
8494	5438
1199	5439
7182	5440
8694	5441
8134	5442
6945	5443
4832	5444
5356	5445
7497	5446
3969	5447
9092	5448
7739	5449
506	5450
516	5451
1365	5452
876	5453
5261	5454
7552	5455
4875	5456
7381	5457
7825	5458
6516	5459
2448	5460
378	5461
4068	5462
8131	5463
963	5464
4348	5465
299	5466
2466	5467
561	5468
1791	5469
2623	5470
2433	5471
7431	5472
2380	5473
5990	5474
3216	5475
7958	5476
8739	5477
6394	5478
4910	5479
7113	5480
1960	5481
6821	5482
1867	5483
2985	5484
6766	5485
7718	5486
5414	5487
6439	5488
4220	5489
9048	5490
3078	5491
8880	5492
1282	5493
7747	5494
773	5495
5349	5496
8086	5497
2410	5498
1675	5499
2737	5500
788	5501
4147	5502
8039	5503
6876	5504
6283	5505
4336	5506
286	5507
2469	5508
796	5509
216	5510
5176	5511
267	5512
8984	5513
6968	5514
6578	5515
9847	5516
640	5517
2477	5518
4400	5519
2747	5520
3094	5521
6693	5522
1393	5523
2688	5524
3577	5525
6188	5526
1370	5527
8484	5528
8135	5529
4927	5530
8374	5531
1863	5532
7281	5533
1267	5534
5313	5535
935	5536
3406	5537
544	5538
5911	5539
2305	5540
465	5541
8467	5542
211	5543
8149	5544
6936	5545
3619	5546
723	5547
3298	5548
5584	5549
7978	5550
2615	5551
9791	5552
6208	5553
7253	5554
8399	5555
6191	5556
3972	5557
1954	5558
8053	5559
7883	5560
8750	5561
3621	5562
5842	5563
7843	5564
2345	5565
659	5566
2807	5567
2814	5568
7971	5569
169	5570
5927	5571
5081	5572
6940	5573
3723	5574
9020	5575
8144	5576
2794	5577
9301	5578
4375	5579
4398	5580
7520	5581
5879	5582
6261	5583
9025	5584
8710	5585
7147	5586
348	5587
394	5588
6593	5589
5066	5590
9777	5591
1097	5592
236	5593
3291	5594
412	5595
9633	5596
6356	5597
1017	5598
366	5599
2506	5600
1767	5601
4492	5602
7521	5603
1862	5604
5743	5605
7446	5606
37	5607
8291	5608
3935	5609
2455	5610
3387	5611
7373	5612
594	5613
9750	5614
5696	5615
4476	5616
5748	5617
11	5618
7421	5619
7221	5620
3445	5621
1945	5622
3196	5623
4518	5624
6997	5625
4312	5626
5097	5627
4082	5628
2968	5629
2806	5630
481	5631
8939	5632
2095	5633
127	5634
3456	5635
1034	5636
9527	5637
2730	5638
92	5639
3120	5640
1361	5641
285	5642
3243	5643
1567	5644
3478	5645
2846	5646
3261	5647
4629	5648
7003	5649
8174	5650
6631	5651
2702	5652
2619	5653
7448	5654
4579	5655
2010	5656
208	5657
8715	5658
31	5659
1159	5660
9315	5661
6902	5662
184	5663
827	5664
1590	5665
7353	5666
1963	5667
6893	5668
6629	5669
2	5670
257	5671
118	5672
1423	5673
6029	5674
2112	5675
2429	5676
3858	5677
87	5678
8683	5679
367	5680
4515	5681
3584	5682
2891	5683
1278	5684
2219	5685
9933	5686
3586	5687
197	5688
1359	5689
5503	5690
3412	5691
9434	5692
9121	5693
5172	5694
5196	5695
3940	5696
9148	5697
780	5698
916	5699
8978	5700
4794	5701
6512	5702
3992	5703
6853	5704
5311	5705
7354	5706
7862	5707
4937	5708
5451	5709
6030	5710
1924	5711
9939	5712
7602	5713
5013	5714
6729	5715
8993	5716
4365	5717
6579	5718
1384	5719
2558	5720
5770	5721
5801	5722
7695	5723
7566	5724
7233	5725
3532	5726
7315	5727
5190	5728
4039	5729
4573	5730
5712	5731
1116	5732
4489	5733
834	5734
5143	5735
7562	5736
4106	5737
5518	5738
8197	5739
7413	5740
7542	5741
4745	5742
9857	5743
6689	5744
3	5745
32	5746
3505	5747
3791	5748
6678	5749
5246	5750
2100	5751
6033	5752
4451	5753
5415	5754
6624	5755
1094	5756
5009	5757
3312	5758
3684	5759
6926	5760
3237	5761
2600	5762
9567	5763
9706	5764
7364	5765
6294	5766
2120	5767
8310	5768
3528	5769
1123	5770
206	5771
2379	5772
1180	5773
9860	5774
5446	5775
3349	5776
9342	5777
5283	5778
1232	5779
9881	5780
6970	5781
7341	5782
5980	5783
9213	5784
5408	5785
36	5786
2724	5787
1772	5788
5133	5789
4988	5790
524	5791
8048	5792
9749	5793
5982	5794
1394	5795
5592	5796
1215	5797
1198	5798
4669	5799
8901	5800
2576	5801
2493	5802
899	5803
8662	5804
1597	5805
5811	5806
5043	5807
6009	5808
7125	5809
755	5810
5663	5811
8229	5812
2725	5813
3744	5814
3333	5815
8714	5816
5083	5817
8764	5818
3461	5819
525	5820
7273	5821
7463	5822
4456	5823
582	5824
324	5825
5053	5826
1163	5827
4815	5828
2542	5829
2964	5830
7224	5831
3786	5832
1572	5833
7184	5834
9314	5835
2230	5836
9547	5837
5239	5838
6643	5839
4015	5840
59	5841
6421	5842
8689	5843
5693	5844
4140	5845
3611	5846
3542	5847
6581	5848
3295	5849
9518	5850
9555	5851
2353	5852
5956	5853
1065	5854
5861	5855
4963	5856
8935	5857
689	5858
7839	5859
4903	5860
9718	5861
8684	5862
1839	5863
735	5864
2940	5865
3813	5866
3	5867
9542	5868
8429	5869
8409	5870
2395	5871
4768	5872
3876	5873
7691	5874
6218	5875
385	5876
6290	5877
7771	5878
3802	5879
2810	5880
8483	5881
17	5882
3429	5883
8102	5884
6704	5885
743	5886
199	5887
2673	5888
319	5889
3502	5890
7420	5891
2703	5892
4670	5893
2917	5894
7058	5895
1531	5896
571	5897
4533	5898
3408	5899
9094	5900
1634	5901
1735	5902
2581	5903
865	5904
8023	5905
1152	5906
2302	5907
5257	5908
5298	5909
1896	5910
9884	5911
4021	5912
7009	5913
1334	5914
7904	5915
3608	5916
9801	5917
4656	5918
5412	5919
4659	5920
2992	5921
8868	5922
6054	5923
9747	5924
7035	5925
9156	5926
6877	5927
8956	5928
6981	5929
4282	5930
249	5931
2800	5932
6602	5933
7371	5934
8185	5935
7167	5936
8544	5937
4490	5938
2980	5939
5399	5940
2291	5941
8920	5942
7980	5943
5480	5944
7008	5945
7131	5946
7243	5947
5096	5948
3835	5949
1202	5950
3870	5951
5187	5952
6639	5953
8192	5954
521	5955
2707	5956
5912	5957
7464	5958
4976	5959
7504	5960
2117	5961
3538	5962
4240	5963
741	5964
9465	5965
3414	5966
9286	5967
2883	5968
6210	5969
2921	5970
8375	5971
5938	5972
558	5973
7245	5974
4849	5975
4725	5976
6686	5977
432	5978
1231	5979
1161	5980
6842	5981
8962	5982
342	5983
8292	5984
1191	5985
5050	5986
8300	5987
1310	5988
3018	5989
4926	5990
6396	5991
9592	5992
1024	5993
6052	5994
5793	5995
6542	5996
4616	5997
8337	5998
2014	5999
4033	6000
569	6001
3245	6002
4294	6003
4617	6004
6650	6005
4460	6006
7119	6007
7215	6008
9319	6009
470	6010
8877	6011
3511	6012
4877	6013
7900	6014
8533	6015
113	6016
3214	6017
8434	6018
8659	6019
368	6020
959	6021
424	6022
8843	6023
7849	6024
9640	6025
7005	6026
9503	6027
5153	6028
1015	6029
4589	6030
8456	6031
22	6032
83	6033
9800	6034
5732	6035
641	6036
708	6037
3178	6038
1716	6039
1420	6040
9085	6041
6569	6042
5006	6043
9477	6044
6600	6045
6799	6046
2334	6047
264	6048
2584	6049
3570	6050
7603	6051
1118	6052
9702	6053
5110	6054
5038	6055
6023	6056
4133	6057
1406	6058
8705	6059
2003	6060
2000	6061
1729	6062
9931	6063
7847	6064
7783	6065
850	6066
310	6067
9321	6068
1075	6069
1610	6070
5728	6071
5807	6072
9832	6073
575	6074
2592	6075
8614	6076
1721	6077
5267	6078
2494	6079
5495	6080
7363	6081
4723	6082
7264	6083
9576	6084
732	6085
5236	6086
7336	6087
2593	6088
5846	6089
3191	6090
111	6091
2628	6092
6184	6093
7321	6094
56	6095
4729	6096
4226	6097
5613	6098
7486	6099
9814	6100
4374	6101
4057	6102
6890	6103
4320	6104
1586	6105
3601	6106
25	6107
8198	6108
5756	6109
8624	6110
4182	6111
3880	6112
8852	6113
6192	6114
984	6115
6386	6116
5519	6117
9905	6118
8668	6119
5088	6120
8294	6121
2551	6122
6972	6123
5336	6124
3031	6125
2626	6126
498	6127
3793	6128
7090	6129
734	6130
9204	6131
14	6132
9550	6133
1578	6134
6331	6135
4630	6136
4379	6137
5158	6138
6750	6139
18	6140
6074	6141
6056	6142
3470	6143
6580	6144
4791	6145
1649	6146
3643	6147
7322	6148
4040	6149
5524	6150
9274	6151
7112	6152
8854	6153
8029	6154
6113	6155
8408	6156
3923	6157
4687	6158
3848	6159
789	6160
7103	6161
1953	6162
1174	6163
563	6164
5417	6165
7733	6166
7797	6167
4217	6168
2997	6169
7323	6170
1826	6171
81	6172
2598	6173
9030	6174
6002	6175
1664	6176
5373	6177
4732	6178
1835	6179
700	6180
2580	6181
9491	6182
8281	6183
1193	6184
15	6185
975	6186
164	6187
8463	6188
9616	6189
3142	6190
8929	6191
265	6192
5617	6193
3448	6194
5123	6195
5751	6196
8630	6197
9277	6198
6717	6199
2172	6200
2273	6201
1890	6202
8481	6203
4884	6204
3877	6205
9703	6206
3024	6207
8573	6208
617	6209
3150	6210
2610	6211
2849	6212
4314	6213
2409	6214
7621	6215
5191	6216
9686	6217
1099	6218
663	6219
8621	6220
416	6221
5092	6222
6161	6223
4751	6224
4618	6225
9865	6226
9276	6227
2050	6228
5225	6229
2990	6230
329	6231
5476	6232
1852	6233
421	6234
6509	6235
7277	6236
6727	6237
3695	6238
3039	6239
4984	6240
4019	6241
7107	6242
2733	6243
9548	6244
6418	6245
9305	6246
4796	6247
628	6248
2813	6249
3010	6250
7132	6251
5106	6252
6834	6253
239	6254
5905	6255
7109	6256
3103	6257
9265	6258
8895	6259
7073	6260
8343	6261
295	6262
6463	6263
4800	6264
969	6265
5534	6266
7518	6267
6866	6268
2464	6269
8223	6270
8	6271
1669	6272
5580	6273
8704	6274
6102	6275
1817	6276
4512	6277
4380	6278
644	6279
2945	6280
9388	6281
6126	6282
8913	6283
6820	6284
3036	6285
9135	6286
5943	6287
2013	6288
6598	6289
7234	6290
4383	6291
6502	6292
2808	6293
2896	6294
9308	6295
5658	6296
939	6297
1051	6298
6289	6299
4491	6300
7403	6301
3936	6302
7166	6303
9573	6304
9098	6305
6028	6306
6654	6307
3517	6308
8167	6309
1543	6310
958	6311
7902	6312
9194	6313
8277	6314
8947	6315
2507	6316
972	6317
7395	6318
9764	6319
6485	6320
3563	6321
6530	6322
8917	6323
6248	6324
6041	6325
4165	6326
8644	6327
5478	6328
9740	6329
7437	6330
5005	6331
3473	6332
7538	6333
3993	6334
3025	6335
1577	6336
4548	6337
294	6338
8401	6339
4292	6340
3788	6341
5839	6342
7934	6343
5383	6344
9044	6345
1301	6346
701	6347
6552	6348
8862	6349
7099	6350
3547	6351
7028	6352
6922	6353
3055	6354
9532	6355
2650	6356
8699	6357
9761	6358
8960	6359
8585	6360
3954	6361
38	6362
2624	6363
6324	6364
8922	6365
9827	6366
2351	6367
107	6368
7434	6369
2328	6370
4888	6371
2760	6372
6452	6373
4311	6374
9908	6375
6847	6376
1367	6377
4664	6378
4679	6379
1795	6380
1130	6381
9061	6382
6986	6383
9246	6384
5294	6385
5064	6386
3626	6387
2087	6388
1430	6389
4615	6390
4753	6391
5546	6392
9149	6393
3664	6394
2233	6395
3064	6396
5332	6397
2562	6398
1989	6399
9226	6400
7154	6401
1558	6402
1906	6403
2499	6404
8302	6405
5582	6406
7997	6407
2743	6408
5997	6409
2734	6410
7471	6411
5848	6412
2716	6413
7573	6414
1364	6415
7960	6416
2423	6417
8257	6418
9325	6419
4477	6420
2428	6421
6348	6422
5447	6423
7832	6424
8290	6425
2097	6426
6243	6427
3451	6428
6730	6429
6103	6430
8785	6431
1998	6432
7854	6433
9414	6434
1647	6435
593	6436
2435	6437
55	6438
7823	6439
8210	6440
5564	6441
426	6442
1805	6443
7175	6444
2667	6445
3179	6446
6299	6447
6640	6448
3714	6449
4338	6450
8664	6451
3447	6452
1955	6453
3930	6454
4135	6455
2236	6456
2638	6457
4960	6458
5548	6459
6481	6460
3948	6461
4413	6462
7663	6463
2476	6464
9144	6465
7648	6466
4921	6467
9946	6468
2436	6469
691	6470
2453	6471
5202	6472
9862	6473
8826	6474
5245	6475
6554	6476
2679	6477
2738	6478
786	6479
7283	6480
2017	6481
280	6482
3227	6483
5302	6484
1811	6485
9413	6486
4047	6487
1326	6488
6817	6489
1166	6490
3582	6491
3650	6492
4376	6493
4931	6494
1313	6495
8604	6496
4830	6497
6797	6498
6672	6499
7192	6500
7133	6501
5240	6502
2411	6503
3457	6504
7740	6505
1888	6506
2941	6507
9359	6508
217	6509
4777	6510
38	6511
4989	6512
2867	6513
5317	6514
6881	6515
4216	6516
7563	6517
2549	6518
9455	6519
5682	6520
1455	6521
4298	6522
6914	6523
4212	6524
6349	6525
2035	6526
836	6527
8477	6528
1228	6529
1289	6530
8384	6531
5507	6532
6239	6533
6755	6534
4942	6535
1158	6536
8758	6537
8827	6538
5993	6539
3825	6540
7755	6541
1869	6542
8701	6543
9876	6544
4176	6545
3359	6546
5042	6547
3418	6548
9317	6549
3297	6550
2081	6551
2399	6552
2608	6553
2375	6554
3133	6555
7187	6556
6582	6557
3760	6558
7630	6559
1728	6560
9644	6561
5910	6562
8974	6563
5946	6564
1186	6565
5103	6566
1396	6567
4806	6568
3184	6569
2271	6570
8575	6571
7239	6572
6267	6573
9318	6574
847	6575
1909	6576
9354	6577
3908	6578
5091	6579
6666	6580
8814	6581
2571	6582
5822	6583
8317	6584
4158	6585
7388	6586
9831	6587
7140	6588
4534	6589
6975	6590
4242	6591
5304	6592
7247	6593
545	6594
4857	6595
5033	6596
3273	6597
7057	6598
6249	6599
1528	6600
273	6601
1018	6602
5321	6603
9934	6604
5916	6605
7968	6606
2938	6607
4193	6608
2654	6609
1946	6610
1819	6611
8740	6612
2977	6613
9521	6614
9230	6615
8950	6616
4056	6617
4080	6618
520	6619
2170	6620
5173	6621
4227	6622
8355	6623
2225	6624
1770	6625
9440	6626
9486	6627
5567	6628
9109	6629
8567	6630
7141	6631
6526	6632
5560	6633
7415	6634
9417	6635
8669	6636
8529	6637
2979	6638
1921	6639
1786	6640
3375	6641
3666	6642
3872	6643
3079	6644
9389	6645
2336	6646
5334	6647
9886	6648
3228	6649
6754	6650
5736	6651
9273	6652
1451	6653
683	6654
8077	6655
3539	6656
1098	6657
1327	6658
4638	6659
5193	6660
3715	6661
6533	6662
3565	6663
7190	6664
3165	6665
3151	6666
4187	6667
6938	6668
8450	6669
9329	6670
8314	6671
30	6672
8224	6673
9685	6674
5834	6675
7080	6676
6214	6677
4272	6678
6367	6679
4994	6680
5434	6681
3753	6682
4601	6683
8246	6684
7040	6685
3775	6686
4096	6687
5183	6688
3386	6689
9142	6690
7050	6691
7465	6692
9458	6693
8018	6694
1883	6695
3654	6696
9203	6697
1789	6698
3867	6699
6122	6700
1269	6701
2335	6702
2313	6703
3809	6704
6634	6705
9224	6706
250	6707
1255	6708
5572	6709
9499	6710
4507	6711
2873	6712
3873	6713
5404	6714
8539	6715
5149	6716
3957	6717
4156	6718
1083	6719
9738	6720
5593	6721
9840	6722
4772	6723
4987	6724
7441	6725
9069	6726
5577	6727
2527	6728
8212	6729
5843	6730
9929	6731
8120	6732
835	6733
1442	6734
5170	6735
2830	6736
988	6737
1146	6738
6472	6739
7969	6740
6177	6741
2249	6742
8455	6743
1458	6744
5657	6745
9536	6746
2701	6747
5107	6748
9854	6749
2253	6750
9250	6751
830	6752
1810	6753
3826	6754
760	6755
9543	6756
7240	6757
1530	6758
2114	6759
1103	6760
4950	6761
6773	6762
66	6763
4657	6764
450	6765
31	6766
4301	6767
649	6768
2546	6769
5436	6770
9724	6771
1824	6772
9078	6773
5818	6774
3453	6775
8570	6776
7895	6777
7502	6778
8204	6779
979	6780
7100	6781
5320	6782
1685	6783
1115	6784
4792	6785
4001	6786
4197	6787
7001	6788
2671	6789
3286	6790
5500	6791
2484	6792
5488	6793
6564	6794
2699	6795
5195	6796
8622	6797
2868	6798
3745	6799
7027	6800
9470	6801
3404	6802
2049	6803
1132	6804
9732	6805
439	6806
243	6807
2697	6808
6758	6809
19	6810
3422	6811
5878	6812
7494	6813
5988	6814
3042	6815
3489	6816
3546	6817
3951	6818
805	6819
1432	6820
2798	6821
7776	6822
1745	6823
6264	6824
3596	6825
3819	6826
9930	6827
5136	6828
4128	6829
473	6830
8329	6831
8441	6832
3431	6833
1686	6834
7227	6835
3776	6836
6451	6837
9730	6838
1533	6839
7656	6840
1619	6841
7025	6842
729	6843
4810	6844
1680	6845
4324	6846
5684	6847
4590	6848
8770	6849
9170	6850
2314	6851
9143	6852
4592	6853
6845	6854
6220	6855
3220	6856
5667	6857
9341	6858
9323	6859
9672	6860
7729	6861
7404	6862
4430	6863
6134	6864
6656	6865
9141	6866
2332	6867
7748	6868
3253	6869
9284	6870
7267	6871
7308	6872
6637	6873
1838	6874
9011	6875
1487	6876
4287	6877
4836	6878
3403	6879
8576	6880
5007	6881
5918	6882
6213	6883
9415	6884
7237	6885
6809	6886
2669	6887
3352	6888
7789	6889
7916	6890
2402	6891
2066	6892
9762	6893
6737	6894
1109	6895
2948	6896
9765	6897
9848	6898
1273	6899
7265	6900
131	6901
3413	6902
5707	6903
8440	6904
3881	6905
1001	6906
7411	6907
9031	6908
4704	6909
7945	6910
6453	6911
5019	6912
2893	6913
1792	6914
1915	6915
5510	6916
2694	6917
9256	6918
3221	6919
5266	6920
6522	6921
4445	6922
12	6923
8377	6924
9352	6925
2700	6926
9701	6927
1529	6928
2153	6929
7512	6930
7959	6931
6621	6932
4681	6933
8117	6934
8565	6935
1859	6936
4152	6937
7592	6938
1314	6939
9261	6940
9716	6941
4036	6942
9124	6943
259	6944
3415	6945
5924	6946
2561	6947
1509	6948
2197	6949
3091	6950
2497	6951
8967	6952
3675	6953
2872	6954
8380	6955
448	6956
6618	6957
2121	6958
9391	6959
3202	6960
7021	6961
5959	6962
40	6963
3215	6964
3869	6965
1155	6966
676	6967
3644	6968
3209	6969
5750	6970
2796	6971
8005	6972
308	6973
9374	6974
9024	6975
435	6976
5888	6977
2502	6978
6894	6979
3363	6980
3115	6981
4480	6982
6355	6983
5008	6984
6950	6985
3660	6986
3729	6987
7722	6988
7407	6989
8345	6990
3481	6991
3548	6992
9210	6993
7045	6994
2553	6995
7495	6996
750	6997
6403	6998
2595	6999
6850	7000
5224	7001
4381	7002
535	7003
3104	7004
4917	7005
4034	7006
5426	7007
7382	7008
4693	7009
9152	7010
458	7011
3914	7012
2670	7013
6019	7014
3950	7015
7256	7016
9533	7017
4889	7018
5273	7019
4805	7020
9674	7021
7661	7022
3266	7023
3531	7024
238	7025
4479	7026
7653	7027
908	7028
9239	7029
6652	7030
2599	7031
8271	7032
1347	7033
6273	7034
6841	7035
589	7036
9775	7037
7779	7038
7374	7039
9023	7040
7598	7041
6895	7042
4148	7043
840	7044
4530	7045
5262	7046
9824	7047
1829	7048
2009	7049
7757	7050
5286	7051
5192	7052
7680	7053
1240	7054
3084	7055
548	7056
7759	7057
8418	7058
5643	7059
8336	7060
2135	7061
9938	7062
528	7063
1671	7064
3278	7065
4389	7066
4467	7067
4586	7068
3838	7069
2212	7070
1340	7071
4315	7072
460	7073
534	7074
625	7075
124	7076
9874	7077
9161	7078
2327	7079
4646	7080
6344	7081
7907	7082
1401	7083
5159	7084
2895	7085
4552	7086
6476	7087
7393	7088
7473	7089
21	7090
733	7091
2028	7092
2374	7093
4540	7094
7848	7095
7391	7096
7026	7097
9418	7098
6946	7099
6079	7100
3832	7101
6873	7102
1073	7103
3105	7104
5496	7105
4153	7106
4267	7107
2651	7108
9632	7109
8945	7110
2430	7111
8618	7112
5914	7113
853	7114
6063	7115
9643	7116
8034	7117
5675	7118
3275	7119
9758	7120
8062	7121
8743	7122
7596	7123
8244	7124
8082	7125
844	7126
45	7127
3294	7128
2437	7129
5599	7130
8194	7131
5385	7132
9427	7133
3527	7134
573	7135
7453	7136
9868	7137
1392	7138
3081	7139
9901	7140
1066	7141
381	7142
431	7143
7202	7144
2389	7145
9508	7146
4886	7147
5282	7148
9160	7149
529	7150
1563	7151
6209	7152
6441	7153
6567	7154
9889	7155
3260	7156
9789	7157
5640	7158
2015	7159
966	7160
16	7161
6128	7162
2001	7163
5165	7164
380	7165
656	7166
17	7167
5238	7168
5962	7169
9167	7170
2946	7171
120	7172
7089	7173
647	7174
2522	7175
9913	7176
6101	7177
1601	7178
5010	7179
471	7180
1587	7181
9400	7182
5093	7183
8254	7184
3811	7185
3516	7186
5268	7187
1677	7188
6062	7189
7212	7190
4865	7191
4947	7192
3156	7193
5787	7194
275	7195
8105	7196
9867	7197
538	7198
4051	7199
4044	7200
8918	7201
1668	7202
5975	7203
5881	7204
6458	7205
3235	7206
2033	7207
1290	7208
135	7209
4560	7210
6358	7211
4306	7212
2127	7213
9844	7214
4887	7215
5974	7216
7164	7217
4009	7218
2732	7219
9642	7220
6230	7221
874	7222
1920	7223
870	7224
8846	7225
1982	7226
8776	7227
6343	7228
3667	7229
2234	7230
6326	7231
1043	7232
6276	7233
8219	7234
2710	7235
9043	7236
3672	7237
78	7238
3182	7239
4543	7240
3812	7241
2668	7242
7482	7243
3555	7244
4043	7245
1412	7246
4370	7247
5840	7248
7631	7249
2130	7250
8645	7251
9338	7252
8462	7253
8831	7254
5529	7255
2042	7256
9331	7257
1508	7258
6590	7259
9433	7260
9064	7261
690	7262
9168	7263
3998	7264
9444	7265
1078	7266
57	7267
4119	7268
7685	7269
9371	7270
3428	7271
7016	7272
350	7273
3523	7274
7076	7275
7527	7276
8342	7277
5809	7278
5969	7279
3433	7280
3057	7281
7085	7282
7674	7283
6979	7284
2486	7285
9746	7286
6944	7287
702	7288
33	7289
6615	7290
1885	7291
4519	7292
4544	7293
7758	7294
5816	7295
6921	7296
609	7297
8383	7298
3030	7299
9506	7300
2080	7301
7805	7302
8864	7303
5291	7304
3651	7305
9441	7306
7898	7307
9291	7308
3037	7309
5000	7310
5694	7311
9906	7312
9778	7313
3420	7314
5893	7315
1438	7316
3566	7317
8306	7318
1244	7319
8883	7320
739	7321
1287	7322
8045	7323
6245	7324
2790	7325
3617	7326
1428	7327
8642	7328
4708	7329
9522	7330
8646	7331
4714	7332
9689	7333
1774	7334
8068	7335
9627	7336
3891	7337
43	7338
9782	7339
4168	7340
2246	7341
3038	7342
819	7343
9810	7344
2398	7345
138	7346
4354	7347
9288	7348
1471	7349
6223	7350
8510	7351
7072	7352
4923	7353
2385	7354
7787	7355
34	7356
167	7357
3124	7358
9253	7359
1541	7360
4337	7361
5705	7362
8209	7363
4508	7364
2689	7365
4110	7366
7899	7367
5423	7368
6682	7369
731	7370
7409	7371
8490	7372
812	7373
4648	7374
3738	7375
1755	7376
4211	7377
8511	7378
1162	7379
9495	7380
3019	7381
6437	7382
2526	7383
9560	7384
7877	7385
6718	7386
2439	7387
8923	7388
1969	7389
330	7390
912	7391
3841	7392
1417	7393
72	7394
3110	7395
2078	7396
838	7397
5076	7398
7636	7399
5211	7400
7416	7401
2431	7402
9688	7403
8971	7404
5616	7405
43	7406
7330	7407
9216	7408
5526	7409
6955	7410
5428	7411
9648	7412
3722	7413
6794	7414
9704	7415
2816	7416
1194	7417
1227	7418
7220	7419
20	7420
3787	7421
9196	7422
7788	7423
6274	7424
9694	7425
8730	7426
3843	7427
8227	7428
7817	7429
7616	7430
2441	7431
2465	7432
8549	7433
8165	7434
189	7435
1	7436
4600	7437
9205	7438
2350	7439
8626	7440
8703	7441
9802	7442
9479	7443
8422	7444
7731	7445
2640	7446
9248	7447
1142	7448
5454	7449
7442	7450
8413	7451
3354	7452
2865	7453
2660	7454
4860	7455
1440	7456
2245	7457
5509	7458
4755	7459
302	7460
9710	7461
8564	7462
5118	7463
9668	7464
7554	7465
3830	7466
3795	7467
4433	7468
7079	7469
7672	7470
6985	7471
1985	7472
6513	7473
5300	7474
2090	7475
1192	7476
2804	7477
2829	7478
821	7479
889	7480
7219	7481
6473	7482
1538	7483
8111	7484
35	7485
2341	7486
7483	7487
3020	7488
3393	7489
5141	7490
5733	7491
8156	7492
284	7493
9214	7494
7564	7495
7852	7496
2620	7497
5932	7498
3329	7499
5388	7500
8793	7501
4295	7502
9183	7503
7044	7504
6309	7505
9259	7506
8931	7507
8143	7508
2276	7509
7687	7510
2625	7511
4054	7512
372	7513
8133	7514
2967	7515
9830	7516
1847	7517
255	7518
3324	7519
8784	7520
4628	7521
6529	7522
9345	7523
2912	7524
9128	7525
68	7526
1923	7527
6272	7528
8536	7529
2070	7530
6105	7531
4625	7532
3122	7533
5501	7534
8543	7535
662	7536
5874	7537
300	7538
1853	7539
5284	7540
5571	7541
568	7542
1866	7543
5800	7544
9711	7545
3351	7546
1846	7547
6380	7548
9665	7549
5288	7550
6003	7551
6776	7552
1539	7553
5090	7554
9443	7555
50	7556
4550	7557
5315	7558
2714	7559
4271	7560
8297	7561
6931	7562
4509	7563
5015	7564
5169	7565
2776	7566
1408	7567
5641	7568
1579	7569
4776	7570
6360	7571
263	7572
1631	7573
8489	7574
5864	7575
3928	7576
1773	7577
3926	7578
5894	7579
1381	7580
5786	7581
2329	7582
1046	7583
3047	7584
2588	7585
5150	7586
9682	7587
4083	7588
4438	7589
8033	7590
3162	7591
2636	7592
4514	7593
5527	7594
4173	7595
5375	7596
1698	7597
6777	7598
3767	7599
3145	7600
6456	7601
3043	7602
7402	7603
1760	7604
4673	7605
5569	7606
7963	7607
495	7608
813	7609
7522	7610
7535	7611
1834	7612
2354	7613
8983	7614
2986	7615
7863	7616
1676	7617
4093	7618
1787	7619
5148	7620
9147	7621
2537	7622
5198	7623
532	7624
6303	7625
6455	7626
9523	7627
3734	7628
6470	7629
4993	7630
427	7631
3302	7632
9667	7633
9561	7634
3397	7635
5540	7636
5664	7637
2220	7638
2369	7639
8786	7640
8443	7641
159	7642
3668	7643
6864	7644
5440	7645
3040	7646
1776	7647
3683	7648
997	7649
1283	7650
5219	7651
1276	7652
4571	7653
3016	7654
80	7655
2819	7656
1700	7657
6675	7658
490	7659
89	7660
1552	7661
7992	7662
7181	7663
8340	7664
4750	7665
2916	7666
1812	7667
90	7668
7736	7669
7503	7670
2696	7671
86	7672
1214	7673
6013	7674
3213	7675
6169	7676
9351	7677
7355	7678
7666	7679
2408	7680
1560	7681
3759	7682
3989	7683
9221	7684
505	7685
2417	7686
2167	7687
1204	7688
5003	7689
6977	7690
5166	7691
3868	7692
6097	7693
3007	7694
2612	7695
5837	7696
7294	7697
2792	7698
7342	7699
5464	7700
6508	7701
7108	7702
4793	7703
6124	7704
7913	7705
886	7706
4151	7707
744	7708
2597	7709
9571	7710
4811	7711
6756	7712
3692	7713
9612	7714
5767	7715
5069	7716
2185	7717
6006	7718
2251	7719
8126	7720
4408	7721
4513	7722
9364	7723
6018	7724
5690	7725
1343	7726
1942	7727
9060	7728
9068	7729
1532	7730
7970	7731
8208	7732
4059	7733
5845	7734
6288	7735
2854	7736
8994	7737
9195	7738
9079	7739
3222	7740
1203	7741
6255	7742
1020	7743
3205	7744
6980	7745
8958	7746
1436	7747
7152	7748
9234	7749
73	7750
4762	7751
1101	7752
5769	7753
6178	7754
7478	7755
8548	7756
5671	7757
4990	7758
5971	7759
5253	7760
9012	7761
3097	7762
9614	7763
7550	7764
1880	7765
177	7766
2718	7767
3921	7768
5915	7769
8283	7770
3700	7771
4288	7772
1603	7773
1546	7774
2861	7775
6648	7776
7034	7777
9715	7778
8420	7779
6531	7780
3649	7781
1514	7782
4436	7783
2856	7784
7513	7785
7435	7786
7946	7787
8364	7788
8263	7789
7745	7790
4900	7791
1016	7792
9512	7793
8043	7794
6740	7795
6244	7796
6875	7797
4253	7798
3041	7799
1039	7800
2508	7801
6570	7802
1086	7803
768	7804
7515	7805
5552	7806
3098	7807
3637	7808
6510	7809
4633	7810
6493	7811
1746	7812
7130	7813
693	7814
8128	7815
2978	7816
9520	7817
1877	7818
8514	7819
8778	7820
4256	7821
9218	7822
3774	7823
6393	7824
2850	7825
7505	7826
1723	7827
895	7828
8469	7829
2642	7830
678	7831
7214	7832
103	7833
3132	7834
6885	7835
2898	7836
803	7837
9647	7838
7569	7839
7340	7840
6907	7841
2129	7842
2837	7843
2377	7844
3862	7845
5369	7846
2449	7847
1536	7848
3468	7849
1628	7850
4828	7851
1722	7852
5131	7853
8176	7854
436	7855
5638	7856
4145	7857
5651	7858
549	7859
6771	7860
3657	7861
6286	7862
3591	7863
1894	7864
1239	7865
6880	7866
4050	7867
9015	7868
7599	7869
565	7870
4444	7871
3154	7872
8821	7873
1468	7874
1476	7875
4163	7876
4434	7877
8688	7878
9871	7879
9132	7880
3764	7881
5505	7882
4264	7883
6007	7884
6430	7885
1778	7886
8027	7887
515	7888
7635	7889
5653	7890
790	7891
8108	7892
7476	7893
6231	7894
1222	7895
7129	7896
2653	7897
7218	7898
857	7899
6060	7900
9744	7901
6342	7902
909	7903
5976	7904
8178	7905
1769	7906
2404	7907
8390	7908
283	7909
3277	7910
4962	7911
9833	7912
4200	7913
9208	7914
340	7915
7641	7916
6014	7917
4919	7918
5075	7919
6959	7920
6301	7921
8951	7922
137	7923
2956	7924
3927	7925
3141	7926
8547	7927
5996	7928
1145	7929
7200	7930
8221	7931
8243	7932
6898	7933
4683	7934
6053	7935
4814	7936
9937	7937
7430	7938
4822	7939
8391	7940
8453	7941
4873	7942
4229	7943
8899	7944
9669	7945
5114	7946
9264	7947
2416	7948
2239	7949
5439	7950
1743	7951
1903	7952
7565	7953
9593	7954
1564	7955
5112	7956
4296	7957
9327	7958
9841	7959
7851	7960
46	7961
4786	7962
4788	7963
6271	7964
7170	7965
7726	7966
7632	7967
3677	7968
4879	7969
2601	7970
8214	7971
6748	7972
2578	7973
645	7974
3934	7975
4166	7976
7302	7977
4981	7978
7389	7979
311	7980
914	7981
7362	7982
7677	7983
6774	7984
4067	7985
1927	7986
868	7987
45	7988
2682	7989
3313	7990
4407	7991
8157	7992
6241	7993
1644	7994
5688	7995
8289	7996
1582	7997
3780	7998
7866	7999
5780	8000
4228	8001
1648	8002
5579	8003
1450	8004
2116	8005
2099	8006
9222	8007
3620	8008
1665	8009
2907	8010
6492	8011
6387	8012
407	8013
2847	8014
2468	8015
7988	8016
5860	8017
3820	8018
7905	8019
5566	8020
4541	8021
4188	8022
1023	8023
185	8024
4974	8025
6714	8026
4335	8027
8665	8028
8187	8029
845	8030
1633	8031
8916	8032
5795	8033
1748	8034
3172	8035
8781	8036
7030	8037
4895	8038
1782	8039
5420	8040
6407	8041
9813	8042
2914	8043
9063	8044
652	8045
2051	8046
7777	8047
7422	8048
5775	8049
2046	8050
5117	8051
5306	8052
7474	8053
2359	8054
7118	8055
8673	8056
1754	8057
48	8058
6967	8059
3701	8060
7414	8061
1040	8062
7385	8063
8949	8064
7967	8065
6314	8066
7314	8067
6025	8068
4604	8069
9346	8070
6351	8071
9754	8072
1642	8073
3987	8074
6966	8075
8035	8076
9460	8077
8193	8078
1448	8079
9047	8080
4938	8081
6603	8082
8870	8083
6353	8084
9675	8085
7462	8086
7955	8087
4081	8088
4069	8089
4263	8090
6851	8091
3580	8092
6787	8093
3348	8094
5979	8095
1366	8096
7134	8097
8706	8098
671	8099
9340	8100
8313	8101
863	8102
1277	8103
1175	8104
3885	8105
8858	8106
772	8107
9432	8108
4496	8109
3394	8110
2463	8111
5649	8112
4665	8113
7060	8114
7867	8115
9366	8116
148	8117
2282	8118
8568	8119
3716	8120
5472	8121
9587	8122
7815	8123
4644	8124
666	8125
2713	8126
3800	8127
2864	8128
4351	8129
27	8130
8495	8131
5459	8132
3080	8133
62	8134
6229	8135
2930	8136
3794	8137
3062	8138
8652	8139
798	8140
2728	8141
58	8142
5623	8143
2666	8144
6423	8145
9875	8146
7010	8147
6545	8148
6383	8149
5805	8150
1388	8151
2973	8152
610	8153
2221	8154
5998	8155
7059	8156
2091	8157
6457	8158
444	8159
297	8160
201	8161
6108	8162
7601	8163
6046	8164
2180	8165
8042	8166
37	8167
5549	8168
620	8169
1225	8170
4352	8171
6916	8172
3000	8173
1606	8174
1236	8175
3321	8176
5233	8177
9849	8178
2232	8179
7208	8180
3126	8181
2451	8182
2373	8183
3733	8184
3380	8185
178	8186
4691	8187
7772	8188
4224	8189
4897	8190
1814	8191
1425	8192
2304	8193
3890	8194
5206	8195
811	8196
3396	8197
4274	8198
5686	8199
3289	8200
9	8201
2541	8202
3350	8203
425	8204
4880	8205
2966	8206
9909	8207
8166	8208
9350	8209
6242	8210
9535	8211
4717	8212
1697	8213
1513	8214
7742	8215
1822	8216
8865	8217
3837	8218
2643	8219
6505	8220
4334	8221
8218	8222
2190	8223
2101	8224
7922	8225
7506	8226
974	8227
8860	8228
4572	8229
7186	8230
783	8231
2105	8232
1304	8233
7149	8234
8712	8235
1771	8236
6958	8237
7676	8238
3742	8239
7752	8240
234	8241
6157	8242
8163	8243
7828	8244
1091	8245
2059	8246
820	8247
990	8248
6692	8249
9485	8250
7838	8251
5154	8252
4437	8253
7696	8254
7320	8255
5596	8256
12	8257
9855	8258
2513	8259
1966	8260
3402	8261
5113	8262
8389	8263
7485	8264
3781	8265
3194	8266
2866	8267
9337	8268
709	8269
5852	8270
8943	8271
9583	8272
8132	8273
5542	8274
978	8275
3635	8276
3480	8277
7335	8278
3816	8279
1535	8280
1339	8281
8937	8282
6732	8283
6182	8284
2115	8285
3472	8286
7447	8287
2843	8288
9101	8289
9584	8290
4399	8291
8523	8292
6779	8293
1519	8294
9603	8295
8556	8296
9190	8297
633	8298
2514	8299
5039	8300
9332	8301
1663	8302
5922	8303
9446	8304
8904	8305
1027	8306
3510	8307
5368	8308
1056	8309
1959	8310
5068	8311
2039	8312
5466	8313
7796	8314
9137	8315
6770	8316
5279	8317
5444	8318
3953	8319
9027	8320
2574	8321
8766	8322
207	8323
2301	8324
7795	8325
7841	8326
1865	8327
2237	8328
4807	8329
2179	8330
9420	8331
200	8332
2920	8333
8963	8334
8479	8335
1804	8336
7359	8337
4070	8338
4458	8339
779	8340
7102	8341
5931	8342
6116	8343
6204	8344
4281	8345
5890	8346
2982	8347
8491	8348
7791	8349
7467	8350
5234	8351
63	8352
5453	8353
4668	8354
3238	8355
8119	8356
8562	8357
2791	8358
554	8359
879	8360
1048	8361
1082	8362
3116	8363
8406	8364
1405	8365
2515	8366
9899	8367
2103	8368
3144	8369
6413	8370
7973	8371
9873	8372
9306	8373
6511	8374
8855	8375
5851	8376
7038	8377
7574	8378
9251	8379
3919	8380
1816	8381
1200	8382
4747	8383
7358	8384
9705	8385
6784	8386
1712	8387
784	8388
8502	8389
7468	8390
1784	8391
462	8392
9626	8393
2307	8394
530	8395
9328	8396
7792	8397
6541	8398
9283	8399
7306	8400
890	8401
2082	8402
715	8403
2753	8404
5668	8405
9852	8406
8050	8407
405	8408
5781	8409
5205	8410
1315	8411
999	8412
6626	8413
42	8414
2831	8415
9568	8416
7684	8417
7597	8418
2845	8419
905	8420
28	8421
5598	8422
3208	8423
1477	8424
6910	8425
4023	8426
6061	8427
6277	8428
5394	8429
1398	8430
7896	8431
5929	8432
9594	8433
9557	8434
8505	8435
1470	8436
7037	8437
2432	8438
4341	8439
2256	8440
2835	8441
6832	8442
9032	8443
816	8444
7196	8445
5708	8446
3450	8447
5115	8448
6974	8449
5633	8450
608	8451
7176	8452
5342	8453
4748	8454
7933	8455
8500	8456
4291	8457
8760	8458
8107	8459
6278	8460
8051	8461
8090	8462
3280	8463
6371	8464
7935	8465
35	8466
6619	8467
9201	8468
7652	8469
8634	8470
9834	8471
3834	8472
27	8473
6649	8474
6139	8475
49	8476
2509	8477
1935	8478
6482	8479
3076	8480
1658	8481
9110	8482
9423	8483
9720	8484
2749	8485
3710	8486
9818	8487
2602	8488
8333	8489
6146	8490
7157	8491
9664	8492
3319	8493
1047	8494
2107	8495
4049	8496
6155	8497
6180	8498
2447	8499
6963	8500
5463	8501
605	8502
8632	8503
6989	8504
5939	8505
885	8506
759	8507
1687	8508
2065	8509
6722	8510
5597	8511
8810	8512
1330	8513
6199	8514
8817	8515
3090	8516
8777	8517
3364	8518
7115	8519
5648	8520
7042	8521
8872	8522
9242	8523
4091	8524
3639	8525
4952	8526
6036	8527
3559	8528
7475	8529
9192	8530
9227	8531
9159	8532
3332	8533
5437	8534
8124	8535
6017	8536
1971	8537
9402	8538
5151	8539
5132	8540
8593	8541
8056	8542
8791	8543
2690	8544
856	8545
8800	8546
3720	8547
485	8548
3556	8549
2853	8550
1616	8551
129	8552
4643	8553
4853	8554
5479	8555
6662	8556
6104	8557
5222	8558
6428	8559
9907	8560
1788	8561
4614	8562
4972	8563
144	8564
1928	8565
6179	8566
8058	8567
2258	8568
478	8569
9419	8570
2531	8571
995	8572
2880	8573
6399	8574
5504	8575
6323	8576
8201	8577
3449	8578
7770	8579
801	8580
3884	8581
6256	8582
614	8583
370	8584
9105	8585
2815	8586
1293	8587
154	8588
6857	8589
7623	8590
7780	8591
5907	8592
7700	8593
2062	8594
3625	8595
1796	8596
4137	8597
7250	8598
8452	8599
7529	8600
3035	8601
2446	8602
2565	8603
5040	8604
7458	8605
6160	8606
8309	8607
7943	8608
5511	8609
6498	8610
7897	8611
9577	8612
2851	8613
4254	8614
4435	8615
6638	8616
6668	8617
2524	8618
3061	8619
4185	8620
3718	8621
9199	8622
60	8623
1525	8624
6143	8625
3077	8626
4214	8627
749	8628
8903	8629
6781	8630
8396	8631
69	8632
1689	8633
961	8634
6172	8635
8711	8636
9324	8637
5296	8638
2823	8639
428	8640
9731	8641
785	8642
596	8643
1823	8644
4279	8645
1144	8646
9509	8647
6252	8648
4564	8649
9223	8650
5639	8651
3458	8652
1947	8653
4325	8654
3988	8655
4089	8656
921	8657
2297	8658
4026	8659
9529	8660
5737	8661
9808	8662
5486	8663
7957	8664
884	8665
3130	8666
8480	8667
8248	8668
9755	8669
6070	8670
2267	8671
8507	8672
4591	8673
3169	8674
6005	8675
6716	8676
3633	8677
9130	8678
5207	8679
7183	8680
5701	8681
1092	8682
7490	8683
8516	8684
5952	8685
4516	8686
171	8687
4149	8688
4072	8689
1925	8690
5	8691
4943	8692
3599	8693
3256	8694
8414	8695
1895	8696
7981	8697
8286	8698
7064	8699
925	8700
7000	8701
3920	8702
7821	8703
5390	8704
325	8705
8234	8706
9898	8707
1154	8708
5177	8709
7938	8710
8064	8711
7501	8712
8888	8713
8146	8714
3241	8715
3544	8716
8395	8717
4520	8718
3069	8719
4761	8720
2994	8721
2793	8722
1296	8723
1391	8724
6628	8725
4824	8726
2020	8727
248	8728
2247	8729
293	8730
2750	8731
4085	8732
4244	8733
5645	8734
7949	8735
1762	8736
5636	8737
8054	8738
3262	8739
6899	8740
3754	8741
4464	8742
1855	8743
3615	8744
2590	8745
7568	8746
7361	8747
9679	8748
9870	8749
4845	8750
6287	8751
6024	8752
8738	8753
1557	8754
9652	8755
9792	8756
195	8757
6635	8758
4902	8759
9075	8760
5468	8761
6175	8762
9736	8763
467	8764
6438	8765
5994	8766
5665	8767
320	8768
2454	8769
2719	8770
2900	8771
9058	8772
7620	8773
6862	8774
4340	8775
6563	8776
7172	8777
5689	8778
5562	8779
5216	8780
5155	8781
1907	8782
3874	8783
929	8784
4885	8785
4317	8786
8582	8787
6858	8788
8555	8789
3204	8790
4774	8791
9403	8792
9372	8793
8885	8794
6206	8795
4612	8796
2324	8797
5629	8798
4052	8799
6760	8800
7031	8801
8398	8802
410	8803
8475	8804
3575	8805
3320	8806
9872	8807
6534	8808
6957	8809
7246	8810
7238	8811
3271	8812
5813	8813
9786	8814
9014	8815
5448	8816
1325	8817
4309	8818
2322	8819
3855	8820
8654	8821
9657	8822
8458	8823
7730	8824
7296	8825
2958	8826
6954	8827
3369	8828
6872	8829
3088	8830
8591	8831
3358	8832
9070	8833
399	8834
4581	8835
907	8836
5147	8837
7929	8838
8926	8839
1602	8840
4101	8841
7284	8842
7940	8843
2250	8844
7727	8845
3443	8846
1400	8847
3183	8848
2111	8849
8071	8850
2040	8851
9692	8852
9511	8853
7193	8854
479	8855
7425	8856
5823	8857
6736	8858
8886	8859
9562	8860
3755	8861
6548	8862
5609	8863
7964	8864
3318	8865
3389	8866
6804	8867
7926	8868
8427	8869
9882	8870
9490	8871
5104	8872
2770	8873
692	8874
4277	8875
6553	8876
3618	8877
5654	8878
5329	8879
3192	8880
4835	8881
3309	8882
5346	8883
8875	8884
8423	8885
9322	8886
3339	8887
3347	8888
4641	8889
5455	8890
3121	8891
8747	8892
8100	8893
1288	8894
5506	8895
3960	8896
6519	8897
6792	8898
864	8899
7083	8900
4488	8901
6044	8902
8445	8903
1645	8904
9191	8905
5646	8906
8697	8907
2481	8908
3296	8909
9825	8910
3199	8911
5213	8912
4046	8913
3680	8914
636	8915
6265	8916
4195	8917
5928	8918
5555	8919
930	8920
968	8921
5553	8922
8590	8923
4736	8924
5630	8925
8849	8926
4858	8927
336	8928
1209	8929
5061	8930
6780	8931
4041	8932
309	8933
7582	8934
6325	8935
1733	8936
2635	8937
9307	8938
5738	8939
2954	8940
6232	8941
9299	8942
9412	8943
2833	8944
9181	8945
8024	8946
7702	8947
3631	8948
7738	8949
9589	8950
9671	8951
4116	8952
852	8953
3569	8954
7950	8955
6863	8956
6254	8957
3190	8958
5948	8959
5697	8960
2392	8961
5287	8962
1540	8963
3678	8964
769	8965
6795	8966
6176	8967
4576	8968
7764	8969
8392	8970
105	8971
8331	8972
3846	8973
6497	8974
2754	8975
3707	8976
4230	8977
6594	8978
1133	8979
7539	8980
7333	8981
1414	8982
3769	8983
1688	8984
5087	8985
7304	8986
2817	8987
648	8988
4396	8989
2283	8990
7360	8991
621	8992
5144	8993
7572	8994
1424	8995
6363	8996
4111	8997
8651	8998
5184	8999
6572	9000
7782	9001
1328	9002
4878	9003
276	9004
9125	9005
578	9006
7659	9007
5167	9008
8308	9009
2207	9010
2089	9011
794	9012
7334	9013
2419	9014
3737	9015
5229	9016
7029	9017
1995	9018
6707	9019
6694	9020
6886	9021
7794	9022
3305	9023
5430	9024
6263	9025
1737	9026
5536	9027
4028	9028
2068	9029
2155	9030
8327	9031
1434	9032
795	9033
8280	9034
7242	9035
2563	9036
1734	9037
3863	9038
5955	9039
4502	9040
1399	9041
501	9042
601	9043
2414	9044
8520	9045
5259	9046
6082	9047
162	9048
7891	9049
3287	9050
3994	9051
2269	9052
8241	9053
161	9054
318	9055
8417	9056
6479	9057
1922	9058
7274	9059
4124	9060
7571	9061
1416	9062
8569	9063
5615	9064
6424	9065
1362	9066
9090	9067
8471	9068
7712	9069
809	9070
5634	9071
7075	9072
3851	9073
5491	9074
3933	9075
7753	9076
584	9077
4293	9078
6420	9079
726	9080
1498	9081
6856	9082
2842	9083
5930	9084
8400	9085
2163	9086
2483	9087
1517	9088
2175	9089
5581	9090
5354	9091
8790	9092
9471	9093
2173	9094
7906	9095
2192	9096
606	9097
1087	9098
1977	9099
8366	9100
6207	9101
9658	9102
2272	9103
877	9104
6775	9105
2118	9106
39	9107
2782	9108
1138	9109
2784	9110
802	9111
5937	9112
5656	9113
3210	9114
7054	9115
4055	9116
9631	9117
5108	9118
5100	9119
764	9120
9690	9121
6971	9122
3652	9123
559	9124
981	9125
8845	9126
7489	9127
1627	9128
6685	9129
6293	9130
6746	9131
459	9132
4402	9133
1654	9134
2512	9135
7884	9136
9880	9137
7179	9138
4112	9139
2048	9140
5920	9141
1218	9142
6330	9143
1226	9144
7824	9145
5140	9146
404	9147
7209	9148
896	9149
1021	9150
8946	9151
1661	9152
1421	9153
4661	9154
2445	9155
480	9156
3944	9157
5777	9158
5830	9159
8169	9160
3844	9161
8233	9162
797	9163
926	9164
4701	9165
7173	9166
7610	9167
7873	9168
6469	9169
4333	9170
7410	9171
181	9172
3436	9173
3345	9174
2361	9175
8307	9176
1503	9177
8586	9178
1858	9179
7657	9180
9188	9181
2203	9182
3276	9183
7734	9184
9038	9185
3250	9186
669	9187
4169	9188
1993	9189
1045	9190
2096	9191
5481	9192
1848	9193
8969	9194
362	9195
8980	9196
3323	9197
3918	9198
5836	9199
7144	9200
1443	9201
5443	9202
9270	9203
3197	9204
7998	9205
5377	9206
75	9207
2026	9208
922	9209
7255	9210
3903	9211
6909	9212
9302	9213
4779	9214
7966	9215
258	9216
9752	9217
152	9218
1573	9219
6767	9220
7368	9221
9541	9222
1469	9223
1035	9224
1208	9225
3113	9226
4486	9227
9475	9228
3249	9229
4481	9230
5016	9231
4859	9232
687	9233
4360	9234
9797	9235
5702	9236
9492	9237
2935	9238
8326	9239
2064	9240
8676	9241
7259	9242
3365	9243
8496	9244
4961	9245
4159	9246
1182	9247
5120	9248
1149	9249
7890	9250
2073	9251
5533	9252
4008	9253
2056	9254
9349	9255
9065	9256
8804	9257
5669	9258
6683	9259
8636	9260
2840	9261
4061	9262
4401	9263
2961	9264
3430	9265
6240	9266
9660	9267
4171	9268
1512	9269
7793	9270
9823	9271
9656	9272
6644	9273
9917	9274
4269	9275
3590	9276
1518	9277
3346	9278
3269	9279
9193	9280
6811	9281
8116	9282
1238	9283
3712	9284
3288	9285
9034	9286
3279	9287
2647	9288
8259	9289
3823	9290
1427	9291
4610	9292
3056	9293
8466	9294
246	9295
6646	9296
6943	9297
2206	9298
6537	9299
7714	9300
6335	9301
9684	9302
41	9303
6433	9304
8889	9305
3512	9306
6366	9307
8619	9308
3965	9309
9687	9310
24	9311
2607	9312
2516	9313
5523	9314
5607	9315
52	9316
6384	9317
9654	9318
4869	9319
6152	9320
6551	9321
7438	9322
4142	9323
1652	9324
8542	9325
96	9326
6908	9327
2364	9328
2169	9329
2683	9330
5600	9331
2200	9332
8603	9333
452	9334
1247	9335
2686	9336
3135	9337
3852	9338
2264	9339
5594	9340
8851	9341
4898	9342
1292	9343
9918	9344
8966	9345
4184	9346
338	9347
2892	9348
4537	9349
2321	9350
2407	9351
26	9352
5355	9353
9197	9354
6389	9355
5899	9356
6429	9357
7396	9358
3071	9359
9398	9360
2292	9361
2018	9362
2736	9363
9630	9364
8609	9365
5067	9366
2317	9367
2443	9368
6888	9369
8763	9370
8856	9371
6995	9372
1598	9373
9086	9374
6401	9375
2887	9376
7020	9377
8735	9378
7055	9379
5628	9380
9928	9381
3252	9382
3068	9383
8240	9384
9052	9385
8806	9386
9916	9387
1177	9388
3702	9389
9885	9390
3901	9391
8349	9392
5493	9393
8498	9394
418	9395
2390	9396
1596	9397
5957	9398
1316	9399
9487	9400
9843	9401
5142	9402
8118	9403
1478	9404
7269	9405
8616	9406
7178	9407
4199	9408
6735	9409
667	9410
8834	9411
8402	9412
9134	9413
3371	9414
5308	9415
3491	9416
4979	9417
9914	9418
353	9419
970	9420
3770	9421
8405	9422
115	9423
2472	9424
9628	9425
2788	9426
1358	9427
2355	9428
1308	9429
4146	9430
5841	9431
2675	9432
7811	9433
6034	9434
6906	9435
3541	9436
6253	9437
5146	9438
5405	9439
823	9440
2727	9441
3109	9442
7583	9443
47	9444
6115	9445
7689	9446
9821	9447
47	9448
8457	9449
2007	9450
8311	9451
4302	9452
2427	9453
7576	9454
23	9455
5299	9456
6434	9457
8571	9458
429	9459
8061	9460
4978	9461
6712	9462
4319	9463
6099	9464
5228	9465
125	9466
1864	9467
5771	9468
7015	9469
4861	9470
9575	9471
218	9472
2323	9473
4946	9474
3398	9475
4356	9476
3777	9477
1635	9478
4689	9479
225	9480
6187	9481
1356	9482
440	9483
6868	9484
8583	9485
1374	9486
8911	9487
9819	9488
1581	9489
9924	9490
4682	9491
7784	9492
2519	9493
1375	9494
4450	9495
9826	9496
6365	9497
7999	9498
587	9499
4326	9500
6928	9501
2828	9502
9815	9503
9013	9504
9767	9505
1591	9506
1012	9507
5934	9508
9774	9509
947	9510
413	9511
8719	9512
1169	9513
7138	9514
7607	9515
463	9516
4535	9517
7605	9518
8138	9519
1952	9520
2413	9521
1504	9522
5185	9523
8065	9524
1181	9525
1044	9526
4131	9527
4332	9528
3310	9529
8553	9530
7930	9531
8451	9532
762	9533
3779	9534
3303	9535
2177	9536
1757	9537
6839	9538
8350	9539
4231	9540
9811	9541
6647	9542
2547	9543
4154	9544
7251	9545
5539	9546
196	9547
1691	9548
9927	9549
5458	9550
6148	9551
6447	9552
5260	9553
6119	9554
1592	9555
165	9556
316	9557
3763	9558
4167	9559
3177	9560
5652	9561
8853	9562
3597	9563
409	9564
7990	9565
1061	9566
3865	9567
9629	9568
1595	9569
341	9570
1224	9571
5856	9572
1302	9573
9519	9574
8361	9575
1981	9576
1331	9577
7675	9578
3017	9579
9926	9580
5895	9581
3263	9582
6069	9583
6597	9584
2178	9585
2391	9586
3648	9587
5614	9588
5517	9589
6517	9590
5749	9591
1870	9592
2215	9593
9294	9594
51	9595
9525	9596
5462	9597
1495	9598
3166	9599
7432	9600
8008	9601
5433	9602
7069	9603
4170	9604
6205	9605
3853	9606
9425	9607
9108	9608
2684	9609
4870	9610
4565	9611
4027	9612
9378	9613
7348	9614
3970	9615
9579	9616
9478	9617
8287	9618
9119	9619
8840	9620
7719	9621
1422	9622
8774	9623
7588	9624
9131	9625
8968	9626
2270	9627
4475	9628
4424	9629
271	9630
3211	9631
799	9632
3915	9633
6057	9634
1105	9635
3282	9636
4775	9637
5739	9638
7918	9639
8150	9640
383	9641
4504	9642
6372	9643
2802	9644
9091	9645
7128	9646
6039	9647
8686	9648
882	9649
1983	9650
4597	9651
1636	9652
496	9653
5316	9654
1431	9655
3741	9656
2277	9657
433	9658
2740	9659
6688	9660
5098	9661
8779	9662
9846	9663
4930	9664
7272	9665
4852	9666
9387	9667
8044	9668
4803	9669
8104	9670
522	9671
3663	9672
1507	9673
1999	9674
415	9675
2566	9676
7540	9677
2927	9678
2164	9679
1975	9680
6200	9681
1842	9682
4366	9683
1475	9684
9851	9685
6486	9686
6417	9687
2919	9688
2536	9689
3905	9690
986	9691
944	9692
7450	9693
8887	9694
5450	9695
7036	9696
3009	9697
3842	9698
1389	9699
5711	9700
941	9701
2677	9702
8693	9703
6978	9704
2959	9705
5681	9706
7956	9707
2160	9708
2311	9709
9897	9710
7846	9711
9247	9712
233	9713
3003	9714
9240	9715
9799	9716
39	9717
1614	9718
8433	9719
2801	9720
8416	9721
9054	9722
1112	9723
5139	9724
5588	9725
5776	9726
6362	9727
5514	9728
3487	9729
8824	9730
3496	9731
4787	9732
2488	9733
5413	9734
7673	9735
1013	9736
1479	9737
8650	9738
6047	9739
222	9740
102	9741
9001	9742
9805	9743
903	9744
8866	9745
7879	9746
8938	9747
2799	9748
1948	9749
5644	9750
6749	9751
1108	9752
5386	9753
1544	9754
7976	9755
1426	9756
1973	9757
8093	9758
7488	9759
3783	9760
8025	9761
1551	9762
9600	9763
7683	9764
3595	9765
5521	9766
1752	9767
6226	9768
9451	9769
7765	9770
147	9771
2585	9772
2951	9773
6870	9774
4804	9775
5411	9776
5873	9777
7928	9778
8205	9779
5964	9780
9209	9781
5862	9782
7500	9783
2769	9784
7769	9785
600	9786
4157	9787
2005	9788
5808	9789
7868	9790
1413	9791
5797	9792
8114	9793
9663	9794
949	9795
6836	9796
150	9797
637	9798
5989	9799
2223	9800
3248	9801
7344	9802
430	9803
3188	9804
5876	9805
5127	9806
6186	9807
8749	9808
226	9809
5232	9810
8432	9811
2773	9812
8819	9813
4690	9814
1067	9815
627	9816
5457	9817
4079	9818
6329	9819
6651	9820
8222	9821
74	9822
3093	9823
2478	9824
3568	9825
4992	9826
6089	9827
1576	9828
3981	9829
3554	9830
4511	9831
4006	9832
6812	9833
9804	9834
8574	9835
540	9836
4744	9837
5981	9838
4465	9839
1111	9840
6614	9841
8628	9842
8161	9843
8242	9844
7061	9845
3947	9846
8264	9847
6550	9848
8579	9849
1497	9850
8629	9851
53	9852
902	9853
3499	9854
1081	9855
2467	9856
8040	9857
3975	9858
4731	9859
7591	9860
6397	9861
2779	9862
588	9863
8580	9864
5698	9865
4276	9866
6601	9867
3272	9868
8251	9869
846	9870
4901	9871
9794	9872
4014	9873
6361	9874
5858	9875
9376	9876
4709	9877
4624	9878
2708	9879
9303	9880
858	9881
3180	9882
5833	9883
3330	9884
97	9885
7091	9886
4969	9887
1464	9888
7647	9889
4261	9890
2075	9891
4932	9892
9019	9893
9900	9894
3849	9895
8301	9896
1014	9897
4382	9898
6333	9899
1173	9900
2143	9901
8015	9902
7589	9903
1828	9904
1547	9905
9586	9906
4754	9907
8354	9908
8003	9909
7725	9910
3583	9911
398	9912
5819	9913
9367	9914
5660	9915
3033	9916
5382	9917
7716	9918
1632	9919
227	9920
3655	9921
8649	9922
1129	9923
7120	9924
5109	9925
176	9926
4429	9927
1798	9928
1033	9929
1165	9930
8633	9931
1926	9932
1692	9933
7889	9934
4542	9935
3425	9936
2161	9937
2720	9938
5731	9939
2523	9940
8674	9941
806	9942
5677	9943
8905	9944
9275	9945
4358	9946
1337	9947
2918	9948
1494	9949
2820	9950
2748	9951
7082	9952
3694	9953
8783	9954
7814	9955
7343	9956
4864	9957
7470	9958
1321	9959
7856	9960
4331	9961
3748	9962
44	9963
4934	9964
6556	9965
1106	9966
2993	9967
8164	9968
9683	9969
6117	9970
9783	9971
7	9972
3592	9973
562	9974
6234	9975
7479	9976
4561	9977
3454	9978
1744	9979
3426	9980
4906	9981
3239	9982
6665	9983
2	9984
7643	9985
5416	9986
1338	9987
8148	9988
230	9989
894	9990
3434	9991
4695	9992
2151	9993
1230	9994
8829	9995
6268	9996
9177	9997
710	9998
1387	9999
745	10000
